0.014556,0.022153,0.030113,0.041918,0.04105,0.042796,0.042224,0.042204,0.030398,0.021907,0.017589,0.035795,0.081722,0.16582,0.27803,0.38492,0.45847,0.43202,0.28835,0.079201,0.062338,0.026719,-0.0074114,0.027933,0.09473,-0.025133,-0.10832,-0.11746,-0.1042,-0.085351,-0.071988,-0.065783,-0.063747,-0.064927,-0.069101,-0.073273,-0.074663,-0.076054,-0.060843,-0.045632
0.023694,0.035192,0.045652,0.056317,0.055508,0.057549,0.056146,0.057552,0.046888,0.033909,0.02676,0.047167,0.10386,0.20878,0.36005,0.50429,0.6055,0.57541,0.38051,0.10487,0.083217,0.023137,-0.029699,0.021336,0.11047,-0.048725,-0.14588,-0.15104,-0.13019,-0.10834,-0.09337,-0.086732,-0.086088,-0.088888,-0.094452,-0.098624,-0.10001,-0.080815,-0.060534,-0.040253
0.033023,0.048422,0.061383,0.070693,0.069943,0.072279,0.069889,0.072723,0.063413,0.045545,0.034651,0.053406,0.12086,0.24641,0.43714,0.61966,0.75253,0.71879,0.47268,0.17882,0.15237,0.067834,-0.0037072,0.063019,0.1262,-0.072317,-0.18219,-0.18337,-0.15514,-0.13169,-0.11512,-0.1093,-0.11005,-0.11424,-0.1198,-0.12398,-0.12537,-0.085577,-0.060225,-0.034874
0.032397,0.049196,0.061791,0.066917,0.071552,0.071886,0.071841,0.078998,0.073873,0.059585,0.04246,0.042862,0.09657,0.21075,0.39136,0.58112,0.7286,0.70656,0.48965,0.24788,0.19925,0.092615,0.010048,0.052785,0.073562,-0.097222,-0.18257,-0.17164,-0.13803,-0.11911,-0.10948,-0.10748,-0.11262,-0.1198,-0.12398,-0.10617,-0.10617,-0.044397,-0.019045,0.0063062
0.034913,0.053066,0.065686,0.064897,0.073676,0.072657,0.070244,0.076519,0.077309,0.066795,0.048839,0.042686,0.086204,0.17327,0.31413,0.45905,0.58873,0.57622,0.39949,0.23393,0.20489,0.092394,0.015615,0.052288,0.046572,-0.096713,-0.14815,-0.13943,-0.11973,-0.11575,-0.10891,-0.1096,-0.11679,-0.12258,-0.12537,-0.085577,-0.064987,0.017374,0.042725,0.068076
0.032178,0.054509,0.067225,0.060568,0.0798,0.076005,0.0684,0.073721,0.080378,0.072731,0.05911,0.055374,0.092716,0.15674,0.25925,0.36667,0.46596,0.45749,0.32323,0.2275,0.20641,0.11278,0.043833,0.056573,0.031634,-0.077743,-0.11635,-0.11249,-0.095172,-0.10731,-0.11039,-0.11378,-0.11596,-0.099773,-0.080574,-0.018803,0.022377,0.12032,0.12509,0.12985
0.02866,0.053815,0.066971,0.057784,0.086875,0.07878,0.067841,0.07624,0.085426,0.087933,0.077122,0.073999,0.09421,0.14038,0.20425,0.27862,0.34959,0.34545,0.2514,0.21119,0.19439,0.1268,0.082993,0.089107,0.052663,-0.019116,-0.039701,-0.053651,-0.056209,-0.07986,-0.089403,-0.10364,-0.096307,-0.058012,-0.021835,0.055522,0.11229,0.20268,0.18686,0.17103
0.029471,0.056533,0.071089,0.055387,0.094316,0.080772,0.074952,0.083344,0.099046,0.10472,0.10346,0.097195,0.099025,0.12092,0.15161,0.186,0.22718,0.23497,0.19254,0.16929,0.15676,0.11447,0.090657,0.081721,0.066803,0.035173,0.02884,0.011373,-0.0068163,-0.033548,-0.048183,-0.068508,-0.051996,0.0032761,0.05504,0.14544,0.21524,0.28504,0.24863,0.21221
0.030325,0.05634,0.071229,0.053894,0.097571,0.090885,0.090165,0.096056,0.11173,0.1215,0.11487,0.10642,0.10699,0.11582,0.11227,0.10846,0.12297,0.12894,0.10063,0.096312,0.11665,0.0966,0.090695,0.096738,0.1065,0.090596,0.099735,0.076574,0.052084,0.017758,-0.0030937,-0.015756,0.014373,0.080151,0.14495,0.2278,0.2976,0.34681,0.28981,0.2328
0.03146,0.052681,0.067582,0.049159,0.092851,0.091525,0.093565,0.1046,0.12136,0.13007,0.12784,0.13077,0.13096,0.14234,0.14432,0.14913,0.15304,0.15478,0.12942,0.11961,0.12644,0.12962,0.12714,0.13524,0.14454,0.13826,0.13354,0.11838,0.095363,0.075906,0.062085,0.061908,0.10066,0.17685,0.24579,0.31016,0.35937,0.388,0.3104,0.2328
0.081952,0.1058,0.12376,0.10339,0.098854,0.099376,0.10294,0.12024,0.13895,0.16234,0.16064,0.15476,0.14899,0.15569,0.15434,0.15931,0.17537,0.18018,0.16277,0.15271,0.15957,0.1536,0.15416,0.17308,0.18143,0.17788,0.19419,0.17652,0.15067,0.14511,0.14215,0.14319,0.19056,0.25322,0.30222,0.34633,0.37496,0.39036,0.31276,0.23516
0.11939,0.14452,0.16233,0.15236,0.10395,0.099053,0.10736,0.11994,0.12826,0.15063,0.16282,0.15497,0.1618,0.1789,0.17154,0.16866,0.18465,0.18916,0.18361,0.19127,0.20052,0.19567,0.19502,0.1989,0.19595,0.19555,0.20768,0.19566,0.19323,0.19473,0.18648,0.20045,0.24682,0.28586,0.32229,0.35673,0.36354,0.37063,0.29622,0.22181
0.078693,0.10657,0.1255,0.12332,0.096598,0.11289,0.10754,0.122,0.12252,0.1427,0.14452,0.14833,0.16692,0.19169,0.1878,0.1975,0.21575,0.20614,0.19852,0.20176,0.20936,0.206,0.20873,0.21795,0.22808,0.23336,0.24259,0.23184,0.22896,0.22891,0.21807,0.23893,0.27206,0.29904,0.315,0.34391,0.34459,0.3622,0.29575,0.22929
0.080195,0.10002,0.11934,0.13026,0.099588,0.11534,0.118,0.13671,0.12579,0.14549,0.15524,0.16515,0.17676,0.20384,0.20857,0.22266,0.23583,0.23782,0.24123,0.24606,0.24719,0.25331,0.26524,0.27231,0.26934,0.27746,0.27698,0.25325,0.25577,0.26,0.24702,0.2636,0.29206,0.30688,0.3218,0.34848,0.35526,0.37225,0.30343,0.23461
0.077773,0.09324,0.10813,0.11779,0.089742,0.11402,0.12142,0.13697,0.12732,0.14943,0.15835,0.17085,0.19166,0.21869,0.21577,0.23733,0.2573,0.2655,0.27339,0.2878,0.28529,0.28745,0.29694,0.29554,0.29673,0.30998,0.3156,0.28902,0.29389,0.28973,0.26902,0.27683,0.30658,0.32103,0.33677,0.36075,0.36457,0.37794,0.30656,0.23518
0.023574,0.019088,0.035649,0.03208,0.058196,0.092897,0.11419,0.12556,0.12034,0.1316,0.15376,0.18647,0.21665,0.24686,0.23992,0.25559,0.25953,0.25711,0.26066,0.27923,0.27792,0.28566,0.29886,0.30693,0.31069,0.33288,0.33101,0.31509,0.31344,0.30677,0.27486,0.27305,0.28682,0.29504,0.31015,0.34063,0.35805,0.37461,0.30496,0.23339
-0.032875,-0.055694,-0.033795,-0.057341,0.02076,0.075203,0.10536,0.11764,0.1324,0.14514,0.16375,0.20807,0.23776,0.25205,0.24599,0.25964,0.26416,0.25582,0.26125,0.27939,0.28353,0.28807,0.2964,0.30589,0.30975,0.32781,0.3294,0.3219,0.3215,0.30703,0.28645,0.27897,0.28548,0.295,0.32033,0.34896,0.37723,0.39529,0.32226,0.24732
-0.0001778,-0.038874,-0.016673,-0.045997,0.0051307,0.052624,0.1056,0.11568,0.13959,0.15967,0.18994,0.23177,0.26694,0.2729,0.25665,0.2611,0.26066,0.25331,0.26301,0.28938,0.29565,0.30114,0.30606,0.31254,0.31308,0.32982,0.33691,0.33551,0.34613,0.34175,0.32898,0.31746,0.32502,0.32595,0.34882,0.3681,0.39228,0.40787,0.33171,0.24861
-0.00041605,-0.036523,-0.015714,-0.061991,-0.030287,0.021404,0.07143,0.071086,0.11195,0.14073,0.18191,0.22503,0.27177,0.27291,0.26043,0.25371,0.2535,0.24755,0.26424,0.2971,0.30843,0.30986,0.30366,0.30166,0.30804,0.32982,0.34973,0.36066,0.37722,0.37394,0.36342,0.34654,0.35545,0.35769,0.3736,0.38987,0.41534,0.43542,0.35543,0.2685
-0.0057247,-0.037179,-0.0084725,-0.060493,-0.020846,0.028307,0.081807,0.07545,0.12206,0.15282,0.1971,0.2308,0.27177,0.26994,0.25807,0.24047,0.23863,0.23842,0.26483,0.30011,0.3231,0.33178,0.32989,0.32868,0.3318,0.35394,0.37129,0.39242,0.42127,0.43004,0.42027,0.4006,0.39242,0.38156,0.38861,0.40601,0.44073,0.46974,0.38532,0.29313
0.0016877,-0.024714,0.0037373,-0.044573,-0.0095896,0.027403,0.073381,0.064045,0.11573,0.14548,0.18974,0.21572,0.25071,0.2486,0.24799,0.23955,0.25195,0.2698,0.30468,0.33797,0.35873,0.37224,0.36888,0.35905,0.35861,0.37481,0.38824,0.41207,0.44923,0.4619,0.46284,0.46189,0.45223,0.44486,0.44719,0.45842,0.47689,0.50477,0.41002,0.31546
0.022732,-0.00032898,0.019682,-0.02768,-0.016442,0.021032,0.064743,0.063767,0.11103,0.15339,0.1913,0.22163,0.25188,0.25532,0.26402,0.26971,0.28171,0.31217,0.34723,0.3747,0.38938,0.40319,0.40147,0.40115,0.40017,0.42252,0.4402,0.47039,0.49414,0.51906,0.51625,0.51431,0.49804,0.49495,0.47995,0.48485,0.49629,0.52242,0.42178,0.32601
0.019375,0.0084599,0.025416,-0.0068991,0.011004,0.044536,0.074006,0.076287,0.12049,0.16871,0.20275,0.23327,0.25337,0.25889,0.26192,0.26753,0.29084,0.33744,0.3766,0.40925,0.42683,0.43856,0.43758,0.4369,0.43345,0.45645,0.47522,0.49678,0.51816,0.53367,0.52476,0.52204,0.50964,0.5121,0.50631,0.51051,0.51905,0.54224,0.43204,0.33154
0.0013488,-0.034344,-0.019652,-0.048575,-0.0062517,0.03104,0.0879,0.10652,0.14733,0.19781,0.2236,0.26122,0.26777,0.26431,0.25948,0.28167,0.30498,0.3524,0.39945,0.43073,0.45029,0.45846,0.46618,0.468,0.46996,0.48337,0.5041,0.52283,0.53464,0.54679,0.54772,0.53836,0.52176,0.52596,0.51973,0.51525,0.52175,0.53527,0.42594,0.32378
-0.035294,-0.07964,-0.078435,-0.11796,-0.072934,-0.014856,0.047643,0.084903,0.13632,0.18881,0.21589,0.26291,0.27204,0.27653,0.27338,0.29863,0.31828,0.35554,0.40283,0.43265,0.4558,0.47138,0.48473,0.48687,0.49599,0.5008,0.51302,0.51553,0.51787,0.51498,0.51571,0.50878,0.50431,0.51129,0.5108,0.51295,0.51487,0.52872,0.42143,0.32214
-0.049089,-0.094325,-0.1286,-0.19356,-0.1497,-0.079647,-0.012955,0.049771,0.12662,0.18653,0.19741,0.2515,0.27705,0.2855,0.2807,0.31784,0.33227,0.36683,0.41976,0.45856,0.4888,0.51109,0.53271,0.53116,0.54553,0.54655,0.55992,0.54967,0.54829,0.52912,0.52465,0.49712,0.49315,0.49128,0.4999,0.50326,0.51299,0.52733,0.42448,0.32279
-0.071343,-0.12287,-0.1722,-0.25684,-0.20112,-0.15637,-0.07454,0.0010426,0.10048,0.16057,0.20289,0.24032,0.27383,0.29193,0.28423,0.31807,0.33481,0.36329,0.41706,0.46041,0.49719,0.53924,0.56491,0.56117,0.583,0.57894,0.57699,0.56001,0.56424,0.5424,0.54164,0.52401,0.53164,0.51773,0.52302,0.52229,0.52637,0.53235,0.43265,0.32943
-0.085005,-0.16074,-0.23031,-0.35374,-0.29101,-0.23297,-0.14117,-0.054843,0.068024,0.12832,0.17086,0.21963,0.27752,0.30218,0.29851,0.34092,0.35978,0.37045,0.42939,0.47488,0.50988,0.55746,0.58325,0.57277,0.59301,0.59178,0.58327,0.57246,0.57753,0.559,0.56038,0.55132,0.5653,0.554,0.56005,0.55577,0.55992,0.55641,0.44971,0.33967
-0.10758,-0.17583,-0.24512,-0.36495,-0.29668,-0.22695,-0.14517,-0.060718,0.058556,0.11762,0.16532,0.21389,0.27599,0.3226,0.32172,0.36732,0.38223,0.38833,0.43384,0.4785,0.50823,0.5691,0.59884,0.59424,0.60929,0.60731,0.58891,0.58811,0.59953,0.59093,0.5919,0.59602,0.60305,0.58829,0.59004,0.58757,0.58657,0.5841,0.4701,0.35531
-0.1043,-0.18292,-0.25818,-0.37668,-0.30344,-0.25774,-0.18457,-0.096603,0.021333,0.079957,0.14706,0.21459,0.2789,0.32745,0.33651,0.38514,0.40534,0.41529,0.45654,0.49479,0.51976,0.57084,0.60477,0.60413,0.61897,0.62341,0.62065,0.62992,0.64332,0.64314,0.64616,0.64358,0.64296,0.63001,0.63029,0.62236,0.62171,0.61379,0.4921,0.3696
-0.11971,-0.21151,-0.27027,-0.37129,-0.2959,-0.25657,-0.17102,-0.089132,0.011324,0.076623,0.16608,0.22996,0.2832,0.33231,0.34777,0.3905,0.41776,0.42252,0.45856,0.48405,0.5102,0.55745,0.59787,0.59984,0.62152,0.63036,0.6299,0.64277,0.66217,0.66883,0.66794,0.67231,0.67507,0.66693,0.66582,0.65899,0.65512,0.64433,0.51413,0.38393
-0.13935,-0.23236,-0.28424,-0.36189,-0.27965,-0.21539,-0.14028,-0.077969,-0.0011177,0.061491,0.1221,0.19896,0.26777,0.32373,0.34725,0.4025,0.43372,0.43444,0.4727,0.49705,0.51141,0.55107,0.60131,0.60619,0.62682,0.65016,0.65759,0.66643,0.67605,0.6792,0.67325,0.66867,0.66471,0.6688,0.67801,0.68045,0.68763,0.68371,0.54403,0.4041
-0.15721,-0.24532,-0.2877,-0.33906,-0.26212,-0.21083,-0.13243,-0.076497,-0.019909,0.050399,0.11406,0.18283,0.23606,0.29896,0.33431,0.39615,0.4273,0.44888,0.49398,0.5118,0.53177,0.5747,0.63114,0.63418,0.65681,0.67309,0.68059,0.68648,0.69626,0.69705,0.69004,0.67999,0.66176,0.66243,0.67168,0.68311,0.69333,0.69681,0.55813,0.41753
-0.15024,-0.22693,-0.27688,-0.3392,-0.2611,-0.22891,-0.16834,-0.11098,-0.043439,0.020927,0.087577,0.15646,0.21533,0.26862,0.31077,0.36236,0.39827,0.42057,0.47575,0.48921,0.51858,0.55911,0.61539,0.61922,0.66046,0.68827,0.70554,0.71279,0.72054,0.7105,0.69583,0.6773,0.65479,0.65073,0.65826,0.67168,0.68267,0.69383,0.55813,0.4205
-0.14187,-0.20741,-0.25161,-0.30594,-0.23341,-0.20246,-0.14112,-0.093708,-0.034149,0.03125,0.081973,0.13217,0.19294,0.24624,0.28911,0.34607,0.38234,0.40741,0.47088,0.49023,0.52158,0.56807,0.62086,0.62043,0.66699,0.69832,0.71541,0.72519,0.73824,0.71972,0.69906,0.68034,0.65566,0.64187,0.64763,0.66222,0.67407,0.68793,0.55524,0.42063
-0.12844,-0.18204,-0.22126,-0.26298,-0.19735,-0.16178,-0.11239,-0.073884,-0.026943,0.029279,0.0667,0.11626,0.17399,0.2279,0.27078,0.32335,0.35274,0.38827,0.45779,0.48232,0.50797,0.55915,0.60516,0.60564,0.64993,0.693,0.71144,0.72625,0.73948,0.73036,0.71811,0.7012,0.67397,0.65418,0.64951,0.65295,0.66146,0.67617,0.54638,0.41468
-0.11944,-0.16703,-0.20545,-0.24937,-0.17943,-0.14843,-0.1022,-0.057328,-0.0073882,0.040411,0.079707,0.12555,0.16903,0.21184,0.25249,0.2943,0.32008,0.36642,0.4456,0.47307,0.50868,0.56102,0.59802,0.59284,0.64269,0.68278,0.70533,0.72941,0.75399,0.74445,0.73268,0.71507,0.68397,0.65337,0.64395,0.64546,0.65084,0.66548,0.53847,0.40978
-0.091815,-0.12753,-0.16009,-0.20563,-0.14075,-0.10949,-0.06777,-0.023835,0.021698,0.060394,0.1013,0.14163,0.17914,0.21822,0.254,0.28141,0.3017,0.3486,0.42355,0.45398,0.48681,0.53512,0.56791,0.56845,0.62181,0.67,0.70393,0.72969,0.7556,0.75031,0.7438,0.73,0.70943,0.68332,0.66907,0.66376,0.65872,0.66294,0.52883,0.40106
-0.066575,-0.093817,-0.1187,-0.15342,-0.10545,-0.080051,-0.047051,-0.011817,0.022906,0.053432,0.085882,0.11681,0.14403,0.17472,0.20333,0.2268,0.24495,0.28734,0.34937,0.37855,0.40332,0.4411,0.46411,0.46189,0.49739,0.53425,0.56048,0.58006,0.59982,0.59941,0.5968,0.58774,0.57368,0.55576,0.54293,0.53471,0.52869,0.53,0.42106,0.31845
-0.041334,-0.060099,-0.077303,-0.10122,-0.070143,-0.050613,-0.025407,0.0011265,0.025039,0.048699,0.073363,0.095282,0.11221,0.1345,0.15464,0.16889,0.18066,0.21488,0.26064,0.28045,0.29507,0.32525,0.34408,0.34245,0.36795,0.40017,0.41884,0.43031,0.44392,0.44865,0.44995,0.44549,0.43794,0.42821,0.41678,0.40566,0.39674,0.39514,0.31136,0.23391
