-1.5716,-2.0811,-2.6375,-2.6119,-2.7835,-2.8317,-2.9266,-2.9529,-2.9786,-2.956,-2.9203,-2.8719,-2.8319,-2.7927,-2.7535,-2.7219,-2.679,-2.6368,-2.5861,-2.5126,-2.4407,-2.3792,-2.3058,-2.2387,-2.1835,-2.1141,-2.0495,-1.9863,-1.9253,-1.8638,-1.8204,-1.7862,-1.7713,-1.7565,-1.7532,-1.6971,-1.641,-1.5837,-1.2344,-0.88512
-2.0234,-2.6617,-3.3937,-3.3493,-3.5944,-3.7191,-3.8904,-3.9463,-3.9907,-3.9598,-3.913,-3.8535,-3.7894,-3.7367,-3.6845,-3.6398,-3.5758,-3.5196,-3.452,-3.354,-3.2563,-3.1706,-3.0727,-2.9797,-2.906,-2.8104,-2.7146,-2.6265,-2.545,-2.463,-2.4082,-2.3722,-2.3557,-2.3137,-2.2832,-2.1999,-2.1183,-2.0459,-1.6063,-1.1666
-2.4753,-3.2423,-4.15,-4.0868,-4.3788,-4.5799,-4.8276,-4.913,-4.9761,-4.9637,-4.9057,-4.8351,-4.7468,-4.6807,-4.6154,-4.5576,-4.4727,-4.4024,-4.3179,-4.1955,-4.0706,-3.9606,-3.8383,-3.7192,-3.6181,-3.4976,-3.3706,-3.2576,-3.1556,-3.0622,-2.996,-2.9583,-2.9401,-2.8709,-2.8131,-2.7027,-2.5956,-2.5082,-1.9782,-1.4482
-2.3621,-3.0527,-3.884,-3.7342,-4.0544,-4.3132,-4.6484,-4.8213,-4.972,-4.9787,-4.9526,-4.8838,-4.7975,-4.7203,-4.6546,-4.5856,-4.4938,-4.4104,-4.3259,-4.2034,-4.0755,-3.9479,-3.8256,-3.7021,-3.592,-3.4637,-3.3367,-3.2122,-3.1032,-3.0188,-2.96,-2.9321,-2.8981,-2.8131,-2.7282,-2.6043,-2.4735,-2.4236,-1.9208,-1.418
-2.3264,-2.97,-3.7544,-3.5466,-3.8372,-4.1134,-4.4926,-4.7232,-4.932,-4.9685,-4.9719,-4.9192,-4.8351,-4.7468,-4.6807,-4.6136,-4.5087,-4.4122,-4.3277,-4.2053,-4.0742,-3.9402,-3.8179,-3.6901,-3.5708,-3.4438,-3.3118,-3.1874,-3.0827,-3.0057,-2.9452,-2.9015,-2.842,-2.7316,-2.6228,-2.5111,-2.4178,-2.3935,-1.9162,-1.4389
-2.2906,-2.9343,-3.6717,-3.4059,-3.6201,-3.9137,-4.2633,-4.5516,-4.8184,-4.9425,-4.9758,-4.9526,-4.8708,-4.7713,-4.6941,-4.6284,-4.5269,-4.4174,-4.3329,-4.2105,-4.0762,-3.9325,-3.8081,-3.678,-3.5497,-3.4126,-3.2755,-3.1532,-3.0507,-2.9812,-2.9304,-2.8709,-2.786,-2.65,-2.5174,-2.4178,-2.3622,-2.3634,-1.9116,-1.4598
-2.303,-2.9467,-3.6372,-3.3138,-3.4528,-3.67,-3.9901,-4.2958,-4.6202,-4.829,-4.939,-4.9453,-4.9061,-4.7959,-4.7076,-4.6415,-4.5461,-4.4235,-4.339,-4.2165,-4.081,-3.9249,-3.796,-3.6569,-3.5195,-3.3723,-3.2415,-3.1237,-3.0286,-2.9663,-2.8998,-2.8148,-2.7044,-2.5805,-2.4601,-2.3981,-2.3785,-2.4051,-1.9429,-1.4807
-2.3125,-2.9562,-3.5998,-3.2216,-3.3121,-3.4528,-3.6966,-4.0196,-4.3988,-4.6656,-4.8632,-4.9463,-4.9496,-4.8446,-4.7452,-4.668,-4.5783,-4.4426,-4.3451,-4.2226,-4.0821,-3.9134,-3.7802,-3.632,-3.4832,-3.3296,-3.2052,-3.09,-3.0023,-2.9243,-2.842,-2.7316,-2.5973,-2.4856,-2.4028,-2.3785,-2.3947,-2.4379,-1.9652,-1.4925
-2.2386,-2.8839,-3.5276,-3.1779,-3.2669,-3.3607,-3.5263,-3.8199,-4.1695,-4.494,-4.7496,-4.9095,-4.9424,-4.88,-4.7697,-4.6814,-4.5975,-4.4618,-4.3512,-4.2287,-4.0831,-3.9084,-3.7708,-3.6135,-3.4533,-3.2933,-3.1689,-3.0564,-2.9761,-2.8823,-2.786,-2.65,-2.5278,-2.4283,-2.3831,-2.3843,-2.4365,-2.4602,-1.9771,-1.494
-2.1654,-2.8124,-3.456,-3.1359,-3.2232,-3.2685,-3.359,-3.5762,-3.8963,-4.2489,-4.5625,-4.807,-4.9167,-4.8969,-4.8054,-4.706,-4.617,-4.4809,-4.3573,-4.2348,-4.0841,-3.9033,-3.7614,-3.595,-3.4233,-3.257,-3.1309,-3.0211,-2.9227,-2.8148,-2.7044,-2.5805,-2.4705,-2.4086,-2.3993,-2.426,-2.4678,-2.4721,-1.9785,-1.485
-2.0454,-2.647,-3.2923,-3.0502,-3.1828,-3.1796,-3.2685,-3.4076,-3.6497,-3.9727,-4.3411,-4.6437,-4.8301,-4.8998,-4.8509,-4.7436,-4.6462,-4.5098,-4.3731,-4.2362,-4.0768,-3.8911,-3.7378,-3.551,-3.3692,-3.2116,-3.086,-2.9603,-2.8552,-2.7333,-2.6077,-2.496,-2.4236,-2.3993,-2.426,-2.4588,-2.4811,-2.4659,-1.9619,-1.4579
-1.8767,-2.4331,-3.08,-2.9159,-3.0971,-3.1392,-3.2265,-3.317,-3.4811,-3.7261,-4.0757,-4.4363,-4.6808,-4.84,-4.8806,-4.792,-4.6853,-4.5439,-4.3941,-4.2429,-4.072,-3.8802,-3.7117,-3.5134,-3.3215,-3.1736,-3.0252,-2.8814,-2.7621,-2.6366,-2.5232,-2.4491,-2.4144,-2.4156,-2.4483,-2.4616,-2.4645,-2.4299,-1.9259,-1.4309
-1.711,-2.222,-2.8237,-2.6878,-2.9176,-3.0065,-3.1408,-3.2297,-3.3656,-3.5325,-3.8041,-4.1443,-4.4468,-4.6798,-4.8099,-4.7978,-4.7116,-4.5653,-4.4152,-4.2496,-4.0724,-3.8743,-3.6906,-3.4808,-3.2885,-3.1399,-2.9686,-2.8084,-2.6751,-2.5617,-2.4659,-2.4295,-2.4306,-2.4483,-2.4616,-2.4555,-2.4389,-2.3938,-1.8988,-1.4129
-1.6188,-2.0829,-2.6393,-2.505,-2.6895,-2.7784,-2.9612,-3.0502,-3.1844,-3.3203,-3.5607,-3.8806,-4.2366,-4.5276,-4.7472,-4.8241,-4.7585,-4.6101,-4.4488,-4.2675,-4.0714,-3.8671,-3.6567,-3.4356,-3.2442,-3.0747,-2.8806,-2.7154,-2.5784,-2.4772,-2.419,-2.4202,-2.4379,-2.4616,-2.4555,-2.4299,-2.3938,-2.3578,-1.8718,-1.3948
-1.5266,-1.9438,-2.4549,-2.3206,-2.4597,-2.5503,-2.7348,-2.8707,-3.0049,-3.1391,-3.3485,-3.6372,-3.9728,-4.3202,-4.6001,-4.7665,-4.7792,-4.6557,-4.4833,-4.286,-4.0704,-3.8508,-3.6138,-3.3795,-3.1635,-2.9732,-2.8072,-2.6474,-2.534,-2.4703,-2.4498,-2.4275,-2.4512,-2.4555,-2.4299,-2.3848,-2.3487,-2.3217,-1.8448,-1.3768
-1.4813,-1.8985,-2.3627,-2.1798,-2.2737,-2.3659,-2.505,-2.6426,-2.8254,-2.9596,-3.1424,-3.3999,-3.7152,-4.0426,-4.3789,-4.6302,-4.7211,-4.6728,-4.5188,-4.3091,-4.0756,-3.8429,-3.5849,-3.3435,-3.1016,-2.929,-2.7694,-2.6314,-2.5356,-2.5096,-2.4673,-2.4407,-2.445,-2.4299,-2.3848,-2.3487,-2.3217,-2.3037,-1.8357,-1.3768
-1.436,-1.8532,-2.2704,-2.086,-2.1329,-2.1798,-2.2737,-2.4128,-2.5973,-2.7331,-2.9159,-3.144,-3.4281,-3.7356,-4.1279,-4.4379,-4.6134,-4.6449,-4.5528,-4.326,-4.0747,-3.8133,-3.5333,-3.268,-3.0466,-2.8735,-2.7432,-2.6344,-2.5762,-2.5271,-2.4806,-2.4346,-2.4194,-2.3848,-2.3487,-2.3217,-2.3037,-2.2947,-1.8357,-1.3768
-1.3907,-1.8079,-2.2251,-2.086,-2.086,-2.086,-2.1329,-2.2268,-2.3659,-2.5034,-2.6878,-2.8375,-3.1039,-3.3926,-3.7926,-4.1431,-4.4228,-4.5092,-4.4804,-4.2452,-3.9434,-3.7177,-3.4072,-3.1568,-2.9811,-2.8594,-2.725,-2.6652,-2.5944,-2.5365,-2.4848,-2.4194,-2.3848,-2.3487,-2.3217,-2.3037,-2.2947,-2.2947,-1.8357,-1.3768
-1.3454,-1.7626,-2.1798,-2.086,-2.086,-2.086,-2.086,-2.1329,-2.2268,-2.319,-2.4581,-2.5625,-2.7239,-3.0045,-3.3864,-3.6785,-4.04,-4.2999,-4.3172,-4.1594,-3.9883,-3.7596,-3.4318,-3.1889,-2.9944,-2.856,-2.7455,-2.6829,-2.6028,-2.5408,-2.4697,-2.3848,-2.3487,-2.3217,-2.3037,-2.2947,-2.2947,-2.2947,-1.8357,-1.3768
-1.2985,-1.7157,-2.1329,-2.086,-2.086,-2.086,-2.086,-2.086,-2.1329,-2.1798,-2.2737,-2.3328,-2.3941,-2.6489,-2.9544,-3.1555,-3.5259,-3.8361,-3.9289,-3.8439,-3.7807,-3.496,-3.231,-2.9824,-2.8519,-2.7386,-2.6819,-2.644,-2.5578,-2.4717,-2.395,-2.3487,-2.3217,-2.3037,-2.2947,-2.2947,-2.2947,-2.2947,-1.8357,-1.3768
-1.0155,-1.3502,-1.7373,-1.7782,-1.8306,-1.8831,-1.8946,-1.8537,-1.8127,-1.7718,-1.7778,-1.7916,-1.8077,-2.108,-2.319,-2.5891,-3.0381,-3.3017,-3.3497,-3.396,-3.3158,-3.0076,-2.7913,-2.6209,-2.562,-2.475,-2.4602,-2.5276,-2.4715,-2.3858,-2.3487,-2.3217,-2.3037,-2.2947,-2.2947,-2.2947,-2.2947,-2.2947,-1.8357,-1.3768
-0.81576,-1.0679,-1.3725,-1.3655,-1.418,-1.4704,-1.4819,-1.441,-1.4479,-1.4594,-1.471,-1.4902,-1.5225,-1.7266,-1.7261,-2.0192,-2.3402,-2.5908,-2.655,-2.8023,-2.6959,-2.4471,-2.1829,-2.064,-2.0415,-1.983,-2.0838,-2.2482,-2.2252,-2.2438,-2.2585,-2.2615,-2.2736,-2.2947,-2.2947,-2.2947,-2.2947,-2.2947,-1.8357,-1.3768
-0.56816,-0.73776,-0.95979,-0.95285,-1.0053,-1.0577,-1.0692,-1.0283,-1.0352,-1.0468,-1.0583,-1.1107,-1.0887,-1.184,-1.0439,-1.201,-1.5272,-1.6465,-1.7022,-1.8609,-1.8556,-1.605,-1.5572,-1.516,-1.6329,-1.6446,-1.7496,-1.9244,-2.0024,-2.0712,-2.1121,-2.1356,-2.1682,-2.2104,-2.2314,-2.2525,-2.2736,-2.2947,-1.8357,-1.3768
-0.2941,-0.37234,-0.50301,-0.49608,-0.54851,-0.60094,-0.61246,-0.57154,-0.57848,-0.58999,-0.60151,-0.65394,-0.75893,-0.89337,-0.73,-0.88123,-1.1003,-1.0698,-0.87299,-0.83732,-0.70601,-0.60236,-0.47147,-0.56855,-0.83708,-0.92476,-1.0399,-1.3792,-1.5911,-1.7848,-1.9517,-1.9958,-2.0398,-2.0935,-2.1261,-2.1682,-2.1893,-2.2314,-1.7936,-1.3557
-0.020034,-0.0069244,-0.046244,-0.039309,-0.091738,-0.14417,-0.15568,-0.11477,-0.12171,-0.13322,-0.23861,-0.38492,-0.63854,-0.79275,-0.67477,-0.69994,-0.68388,-0.43441,-0.12106,0.036849,0.18147,0.095527,0.18689,0.022089,-0.30173,-0.39295,-0.41292,-0.84188,-1.1416,-1.4156,-1.6833,-1.833,-1.8885,-1.9536,-1.9977,-2.0513,-2.0839,-2.1471,-1.7304,-1.3136
-0.075931,-0.054001,-0.032071,0.10965,0.10965,0.10965,0.10965,0.10965,-0.032071,-0.17837,-0.41855,-0.65873,-0.98104,-0.9549,-0.75747,-0.51472,-0.16155,0.19143,0.5169,0.80479,0.8906,0.70689,0.81451,0.66639,0.35178,0.22323,0.17562,-0.18659,-0.58936,-0.97587,-1.3093,-1.5645,-1.7257,-1.8023,-1.8578,-1.923,-1.967,-2.0417,-1.646,-1.2503
-0.095496,-0.064746,-0.033996,0.15375,0.15375,0.15375,0.059877,-0.033996,-0.22174,-0.40949,-0.69111,-0.87886,-1.0501,-0.98528,-0.77905,-0.24159,0.2678,0.80028,1.327,1.7924,1.808,1.5991,1.524,1.2646,0.88802,0.69111,0.6801,0.38999,0.012909,-0.43276,-0.8571,-1.2148,-1.4783,-1.6395,-1.695,-1.7716,-1.8272,-1.9134,-1.5502,-1.1871
-0.16291,-0.12334,-0.083769,0.19785,0.10398,0.010104,-0.17764,-0.36539,-0.64701,-0.83476,-1.1164,-1.2146,-1.2919,-1.1994,-0.87913,-0.16362,0.59926,1.168,1.8696,2.3503,2.3764,2.1458,2.1621,1.8744,1.5622,1.3852,1.2614,0.95827,0.62695,0.18979,-0.34656,-0.81623,-1.1918,-1.4554,-1.5954,-1.651,-1.6854,-1.762,-1.4315,-1.1009
-0.25678,-0.21721,-0.27152,0.010104,-0.17764,-0.36539,-0.64701,-0.83476,-1.1164,-1.3041,-1.4962,-1.5048,-1.3987,-1.0182,-0.46641,0.38159,1.263,1.974,2.4877,2.8364,2.8253,2.683,2.5217,2.2772,1.9771,1.7272,1.5243,1.2905,1.0332,0.70166,0.2824,-0.29928,-0.78685,-1.1624,-1.4145,-1.5724,-1.6069,-1.6739,-1.3548,-1.0358
-0.44453,-0.49883,-0.64701,-0.36539,-0.64701,-0.83476,-1.1164,-1.3041,-1.5857,-1.6839,-1.6925,-1.5177,-1.2281,-0.57127,0.14698,0.97505,1.8212,2.5086,2.9724,3.2429,3.2837,3.2103,3.0741,2.8191,2.5258,2.1721,1.8639,1.6625,1.4066,1.1079,0.79427,0.31819,-0.15789,-0.64546,-1.0095,-1.2795,-1.426,-1.5954,-1.2878,-0.98023
-0.44884,-0.59701,-0.83906,-0.74088,-1.1164,-1.3041,-1.5857,-1.7735,-1.8717,-1.7864,-1.6116,-1.2533,-0.68739,0.011794,0.76281,1.5944,2.3728,2.9873,3.4013,3.6351,3.6662,3.6024,3.4181,3.1463,2.8011,2.4364,2.1146,1.8695,1.6719,1.4629,1.2005,0.83006,0.45958,-0.016501,-0.49258,-0.87455,-1.133,-1.4145,-1.2419,-0.94576
-0.54702,-0.78907,-1.125,-1.2102,-1.5857,-1.7735,-1.9612,-1.9655,-1.8803,-1.6116,-1.2533,-0.80551,-0.19726,0.54422,1.328,2.0905,2.789,3.2745,3.5539,3.6704,3.6915,3.6272,3.49,3.2861,3.0012,2.6596,2.3288,2.0339,1.7888,1.6381,1.4654,1.2184,0.97145,0.60097,0.12489,-0.36909,-0.61608,-1.0095,-0.96042,-0.7878
-0.6452,-0.98112,-1.4109,-1.6796,-1.9612,-2.0551,-2.149,-1.9699,-1.7012,-1.3429,-0.89508,-0.32913,0.32143,1.1052,1.8404,2.5202,3.1055,3.462,3.6096,3.6901,3.7151,3.65,3.5415,3.3875,3.1629,2.8444,2.5246,2.1982,1.9033,1.7052,1.6222,1.4833,1.3598,1.1128,0.74236,0.24838,0.0013941,-0.50407,-0.57845,-0.52933
-0.74338,-1.1732,-1.603,-1.9612,-2.149,-2.0594,-1.9699,-1.7012,-1.3429,-0.89508,-0.41869,0.18956,0.88242,1.6176,2.2837,2.8522,3.3108,3.5364,3.643,3.7065,3.7247,3.6697,3.5601,3.4376,3.2747,3.0215,2.7205,2.4279,2.1014,1.838,1.6898,1.6406,1.6068,1.4833,1.2363,0.86585,0.61887,0.0013941,-0.19648,-0.27085
-0.74769,-1.1775,-1.6073,-2.0551,-2.149,-2.0594,-1.8803,-1.522,-1.0742,-0.62638,-0.031872,0.61868,1.3538,2.0132,2.6862,3.1433,3.4751,3.5688,3.6617,3.722,3.7333,3.6882,3.5786,3.4561,3.3212,3.1333,2.8511,2.5922,2.2658,1.9709,1.7573,1.6744,1.6068,1.6068,1.4833,1.2363,1.1128,0.49537,0.17401,-0.023862
-0.84157,-1.2714,-1.7012,-2.0594,-1.9699,-1.7907,-1.522,-1.0742,-0.71595,-0.22582,0.41099,1.1039,1.7632,2.4293,2.9773,3.3026,3.5114,3.5942,3.6803,3.7386,3.75,3.7109,3.6135,3.4911,3.3827,3.2447,3.0127,2.8042,2.5115,2.2189,1.9555,1.8072,1.6744,1.6406,1.6068,1.4833,1.4833,0.98935,0.66799,0.34662
-0.84157,-1.2714,-1.7012,-2.0594,-1.9699,-1.7012,-1.3429,-0.89508,-0.53682,-0.046691,0.63243,1.3676,2.0269,2.6931,3.2478,3.4412,3.5182,3.6035,3.6896,3.7442,3.7556,3.7271,3.6273,3.5048,3.3933,3.2868,3.1095,2.9347,2.6421,2.3494,2.0545,1.841,1.6744,1.6406,1.6068,1.6068,1.6068,1.2363,0.91497,0.59361
-0.62013,-0.96036,-1.3006,-1.7012,-1.522,-1.2533,-0.76321,-0.27308,0.12748,0.65991,1.3813,1.9088,2.4431,2.9842,3.4139,3.4805,3.5477,3.6289,3.7081,3.7591,3.7714,3.7497,3.6621,3.5546,3.44,3.359,3.2209,3.0964,2.854,2.6267,2.3655,2.1359,1.9378,1.8387,1.7397,1.6744,1.6406,1.3598,1.0385,0.7171
-0.45182,-0.70609,-0.96036,-1.2714,-1.0922,-0.9131,-0.51254,-0.11198,0.19902,0.64188,1.2452,1.6408,2.0432,2.4524,2.7434,2.7895,2.8448,2.9092,2.9699,3.0125,3.0225,3.0036,2.9387,2.8558,2.7622,2.6962,2.6047,2.5116,2.3346,2.1725,1.9766,1.7808,1.6164,1.5174,1.4183,1.353,1.3192,1.162,0.90487,0.64778
-0.28351,-0.45182,-0.62013,-0.84157,-0.66244,-0.48331,-0.17231,0.13869,0.36012,0.71342,1.109,1.3728,1.6433,1.9207,2.073,2.0985,2.1419,2.1905,2.2326,2.2669,2.2747,2.2585,2.2154,2.1569,2.0844,2.0334,1.9884,1.9269,1.8151,1.7183,1.5877,1.4256,1.2951,1.196,1.0969,1.0316,0.99787,0.96409,0.77127,0.57846
