3.1208,3.0648,1.2071,0.32002,-0.79129,-1.3809,-1.0405,-0.8484,-0.5719,-0.30922,0.056451,0.9579,3.0185,4.9624,8.0526,12.247,16.565,20.018,21.166,19.479,18.203,15.753,12.932,10.626,11.129,11.821,11.408,11.576,11.708,11.915,12.156,12.46,12.722,12.964,13.216,13.448,13.593,13.627,13.601,13.527
3.7622,3.6579,1.7848,0.59773,-0.94757,-1.694,-1.2549,-1.0301,-0.76127,-0.46813,-0.15414,0.75222,1.9771,2.9828,5.5935,9.7694,14.19,17.763,19.255,17.736,16.78,14.322,11.505,9.6713,10.937,11.982,11.502,11.683,11.811,12.011,12.296,12.61,12.882,13.14,13.396,13.585,13.653,13.619,13.521,13.376
4.5806,4.3869,2.5455,1.038,-0.72277,-1.6823,-1.418,-1.0949,-0.83105,-0.51544,-0.23495,-0.070173,0.69223,1.1326,3.1473,6.8166,11.086,14.818,16.316,15.549,14.998,12.841,10.025,8.4887,9.8584,10.935,10.643,11.148,11.828,12.147,12.411,12.765,13.042,13.286,13.508,13.638,13.619,13.5,13.372,13.209
5.4328,5.4903,3.7083,1.8171,-0.13565,-1.2928,-1.3808,-1.3558,-1.5626,-1.645,-1.2363,-1.4444,-0.74812,-0.27221,1.3448,4.0542,7.5206,11.016,12.363,12.583,12.214,10.942,8.8635,7.6509,8.3825,9.4815,9.9528,10.497,11.19,11.795,12.514,12.878,13.108,13.328,13.501,13.555,13.481,13.335,13.252,13.452
6.0339,6.4194,4.6839,2.6412,0.64065,-0.74719,-1.2673,-1.447,-1.6806,-1.989,-1.1692,-1.3242,-1.3116,-1.5576,-0.24447,1.606,3.7601,6.7142,8.2507,9.1879,9.4393,9.7763,8.2533,7.7879,8.7738,9.7126,9.7402,9.8157,11,11.491,12.361,12.74,13.143,13.366,13.459,13.434,13.307,13.143,13.116,13.8
6.5232,7.1953,5.4676,3.3912,1.3681,-0.12825,-1.0484,-1.5216,-1.1701,-1.445,-0.55713,-1.3583,-1.6739,-2.4114,-1.4509,-0.22014,1.163,3.7801,5.0254,5.8018,6.6348,7.9891,6.771,6.7461,8.4709,9.3468,8.7859,9.0351,10.754,11.463,11.872,12.635,12.986,13.267,13.354,13.241,13.189,13.288,13.542,14.691
7.0043,8.0525,6.458,4.4761,2.5288,1.035,-0.26671,-1.2477,-0.665,-1.3906,-0.85302,-2.6564,-2.414,-2.7005,-1.7605,-0.93517,-0.014226,2.1292,2.4218,2.735,3.5722,5.1874,4.5381,4.5872,6.3132,7.1731,6.8239,7.6872,9.7821,11.111,11.338,12.626,12.951,13.187,13.334,13.353,13.606,14.205,14.949,16.574
7.2623,8.7096,7.4777,5.7232,4.0315,2.5533,0.91665,-0.56356,-0.72472,-2.4071,-2.0073,-3.5569,-2.6699,-2.4129,-0.99142,-0.34567,-0.44039,0.56402,0.22803,0.75139,1.5427,3.4951,3.5469,3.8892,4.9708,5.5896,5.4238,6.0877,8.6679,10.162,10.969,12.248,13.13,13.33,13.631,14.141,14.867,15.91,17.101,19.078
7.1319,8.7097,7.8139,6.1126,4.5985,3.3383,1.6186,-0.369,-1.3191,-3.257,-2.8593,-3.1998,-1.8136,-1.2882,0.3526,1.0242,0.34017,0.42207,0.063996,0.90999,2.1229,3.8799,4.0608,4.4193,5.2755,5.7216,5.3388,5.6187,8.1053,9.4029,10.604,11.733,13.129,13.715,14.551,15.536,16.572,18.044,19.586,21.497
6.6027,8.2253,7.5807,6.5815,5.7774,4.8004,3.0031,1.0856,0.60206,-1.3493,-1.4782,-1.9155,-0.68877,-0.67167,0.83367,2.0825,1.9608,2.0978,1.9036,2.4853,3.7017,4.8145,4.4387,4.4654,5.9021,5.841,4.1842,4.8246,8.1017,8.9101,10.473,12.916,14.998,15.557,17.127,18.369,18.93,20.513,22.011,23.466
5.6912,6.9636,6.8244,5.9014,5.1563,4.0468,1.7446,-0.59697,-1.0114,-2.0185,-2.5816,-2.1796,0.32967,0.93737,1.5785,2.462,2.8162,2.7284,2.2413,3.041,3.7836,3.6551,3.6926,3.4532,4.0742,3.7973,2.9233,4.1749,6.8201,8.5992,10.543,13.469,15.893,16.823,18.415,19.886,21.08,23.068,24.466,25.203
3.8736,5.3283,5.9108,5.4809,4.8967,3.942,1.673,-1.0419,-1.8108,-2.658,-3.3195,-1.8536,0.64437,1.635,2.0931,2.5558,2.7543,2.6539,2.6296,3.6038,4.5645,4.9886,4.6603,4.9605,5.1679,4.4314,3.705,4.513,6.3183,7.4287,11.109,15.05,17.831,19.608,21.933,23.511,23.925,24.627,25.416,25.78
2.1222,3.0049,4.6828,4.3559,3.508,2.9013,1.4508,-0.90844,-2.0136,-1.4804,-1.5327,0.05828,2.2816,4.1082,4.3216,4.1369,4.4553,4.7384,5.1235,6.0035,7.2917,7.5929,7.2936,7.2919,7.3851,6.7926,6.0961,6.6393,8.0748,9.0249,11.581,15.031,18.18,20.469,22.752,24.301,24.894,25.347,25.372,24.821
1.2207,2.3635,4.076,4.1761,3.6235,3.0416,1.5037,-0.58618,-0.54638,0.40097,0.63851,2.1657,3.5819,5.0993,5.3974,5.2374,5.7502,6.6322,7.2718,7.5875,8.4908,8.8566,8.7546,8.4789,8.5758,8.0464,7.5394,8.2628,8.7244,9.7946,11.91,14.827,17.751,20.693,23.335,24.829,25.564,25.974,24.92,23.891
0.40601,2.3006,3.8956,3.9811,3.6218,2.9273,0.86798,-1.4168,-0.54001,1.3612,1.7771,3.8782,5.0076,6.4189,6.6986,6.1901,6.3155,7.074,7.2918,6.9806,7.4348,8.0551,8.5104,8.8484,9.1011,9.0769,9.2959,9.564,8.713,10.113,11.716,13.29,16.141,19.907,22.322,23.657,24.982,25.38,23.636,22.522
-0.89285,1.1817,3.041,3.1796,2.9308,2.4482,0.50897,-1.8107,-0.98229,0.94239,1.3789,3.7753,4.9642,6.5304,7.141,6.5795,6.3436,6.8669,6.6408,6.0267,6.3414,7.0699,7.9899,8.8301,9.1703,9.7243,10.595,10.213,8.3129,9.6713,10.94,11.582,14.482,18.758,21.056,22.274,23.683,23.795,21.933,20.993
-2.1958,-0.56978,1.3477,1.6615,1.7348,1.5497,0.046877,-1.6232,-0.82795,0.19879,0.85262,3.3922,4.4717,5.7471,6.8954,6.6869,6.1085,6.5783,6.6651,6.0191,6.183,6.6337,7.8792,8.5588,8.8419,9.8231,10.894,10.114,8.042,9.0257,9.9611,10.03,13.211,17.416,19.768,21.079,22.394,22.459,20.64,19.833
-3.237,-1.8008,-0.22106,0.11115,0.98816,0.75395,-1.2069,-2.1897,-1.133,-0.051045,1.1042,4.6201,5.5829,6.0674,7.1917,6.8613,5.5795,5.9648,6.8694,6.549,6.3399,6.4224,7.7962,8.264,8.3351,9.5692,10.654,9.4122,7.7077,8.4658,8.8912,7.986,11.854,15.925,17.893,19.316,21.167,21.694,19.829,19.08
-4.733,-3.0483,-1.3993,-0.34898,1.8986,1.7754,-1.0835,-2.2093,-1.2638,-0.30746,0.52257,4.7201,5.7187,5.2748,6.1118,5.753,4.3905,5.2065,6.6978,7.3559,6.9303,7.1569,7.7323,8.1105,7.7257,8.3669,9.1802,7.6563,5.697,5.9439,7.4116,7.0538,11.217,15.591,17.841,19.102,20.452,20.709,18.955,18.676
-5.8875,-5.0158,-3.3641,-2.4159,-0.52949,0.03561,-1.4124,-2.0477,-1.1924,0.16669,0.73134,4.1409,5.3017,4.8886,5.2623,4.9141,3.7661,4.2539,5.9658,7.0312,6.764,6.7842,7.2871,7.9821,7.7504,7.9813,8.1656,6.6733,5.4012,4.6847,6.2185,6.5516,10.927,14.77,16.987,18.247,19.234,19.513,18.213,17.863
-6.207,-7.0542,-5.8113,-4.1492,-2.1302,-1.6048,-2.1728,-1.5781,-0.51333,0.90116,2.0217,4.3479,5.222,4.624,4.5493,3.8941,2.9427,4.0723,6.6414,8.3484,8.2881,7.8718,7.7611,7.803,7.058,6.7492,6.7526,5.8929,5.2901,4.5593,6.1006,7.2039,11.289,14.897,17.249,18.678,19.517,19.558,18.39,17.738
-6.2417,-6.815,-5.4975,-4.2034,-2.5787,-1.3923,-0.85032,-0.25984,0.45405,3.2576,4.3798,6.1016,6.4345,5.8426,5.0092,3.6653,2.7923,4.1181,6.8932,8.4772,8.5566,8.4201,7.8468,7.5926,6.883,6.6576,6.7806,6.3343,6.3955,6.0598,7.3764,8.2879,12.003,15.1,16.814,17.978,18.948,19.007,17.772,17.296
-7.6494,-8.7977,-7.023,-4.3812,-1.686,0.25388,1.5962,2.3755,1.9269,4.2005,4.9979,5.9293,5.678,5.3173,4.6622,3.6052,3.0235,4.0143,6.3615,8.149,8.5543,8.456,7.978,7.6718,6.8059,6.1062,5.9235,5.826,5.9855,5.2971,7.2261,8.228,11.212,13.737,15.849,16.935,17.379,17.816,17.004,16.741
-10.352,-11.545,-9.7092,-7.1174,-4.1005,-1.1537,0.91911,1.4807,1.1545,4.0092,4.0609,4.8428,4.6436,4.0323,3.0372,2.144,1.4443,1.4089,3.4528,5.6456,6.7602,6.759,6.9376,7.2683,6.6942,5.3976,4.9316,5.6913,5.8649,5.7626,8.1565,9.8004,11.813,13.916,15.769,16.278,16.28,16.849,16.378,16.206
-13.081,-15.067,-13.015,-10.729,-7.8731,-4.5585,-2.1875,-1.8783,-2.5481,0.69191,0.90154,1.9539,2.9872,2.986,2.1792,1.1477,0.051985,-0.43298,1.024,3.0038,4.3243,4.6709,5.2699,6.0984,5.7176,4.545,4.1929,4.7436,4.7495,5.4384,8.1489,10.121,12.153,14.361,15.733,15.792,15.551,15.77,15.614,15.696
-15.15,-17.627,-15.568,-14.228,-11.969,-8.8472,-6.4576,-5.9005,-6.9038,-3.6062,-3.1871,-1.2621,-0.07211,0.53488,0.46883,-0.27929,-1.5301,-2.3132,-1.2917,0.11273,1.3284,2.2505,3.4476,4.734,4.7339,3.9878,3.7444,3.7348,3.1837,4.2571,7.0856,9.071,11.275,13.673,14.845,14.707,14.407,14.542,14.696,15.178
-17.249,-19.191,-18.041,-18.01,-16.527,-13.928,-11.867,-10.837,-10.726,-7.0435,-6.1823,-3.1832,-2.5001,-1.915,-1.5741,-1.7707,-3.1071,-4.79,-3.9734,-2.9307,-1.7055,-0.79633,0.82564,2.3937,2.9737,2.3643,1.8926,1.9296,0.94667,2.0512,4.851,7.2047,9.4456,12.161,13.69,13.52,13.171,13.663,14.058,14.743
-19.502,-20.775,-20.837,-21.428,-20.535,-18.712,-17.429,-16.387,-14.468,-10.511,-7.936,-4.4266,-2.8817,-1.9741,-1.4541,-1.675,-3.5818,-6.0899,-5.8035,-5.3634,-3.9335,-3.6334,-2.248,-0.64762,0.3311,-0.11346,-0.86807,-1.0152,-1.8932,-0.74743,1.8655,4.5659,7.5056,10.908,12.861,12.816,12.546,13.23,13.685,14.296
-20.197,-20.893,-21.299,-22.822,-22.94,-21.643,-20.702,-19.872,-17.252,-13.857,-9.9565,-6.1161,-4.1264,-2.4095,-1.0336,-1.3578,-3.8282,-6.3713,-6.7335,-7.8764,-6.0631,-5.6975,-4.1537,-1.9134,-0.32909,-0.039183,-0.66161,-1.6256,-2.3578,-0.98354,0.9577,2.782,6.3474,9.9824,11.407,11.478,11.877,12.546,12.803,13.445
-19.744,-21.184,-22.481,-23.835,-24.759,-24.214,-22.762,-21.061,-18.15,-16.181,-12.117,-7.8326,-5.5662,-3.2707,-1.0523,0.054917,-1.5729,-4.8009,-5.6421,-7.8206,-6.8277,-8.0011,-7.5087,-5.7812,-3.8907,-2.7702,-2.6562,-2.9814,-2.9868,-2.4216,-0.83511,0.46219,3.8486,7.3015,9.2962,10.06,10.617,11.303,11.731,12.503
-21.233,-21.795,-23.46,-24.845,-25.27,-24.72,-23.578,-21.434,-17.644,-15.309,-11.855,-7.0002,-5.9332,-3.9886,-1.4419,0.361,-0.76423,-3.8186,-3.7946,-6.1174,-5.8529,-7.7345,-7.8523,-7.0389,-5.4481,-4.61,-4.4708,-3.7858,-3.2566,-2.177,-1.1655,0.5174,3.2363,5.9467,7.6811,8.5614,9.3545,10.232,10.707,11.481
-23.822,-24.298,-25.391,-25.999,-26.157,-25.329,-24.22,-22.913,-19.479,-17.734,-13.984,-9.4206,-6.9622,-5.0161,-2.2328,0.09827,-0.61885,-3.1122,-2.9361,-4.8074,-4.8879,-7.161,-7.6068,-7.3472,-6.336,-5.6991,-5.5792,-4.9895,-4.2409,-3.1007,-2.0125,-0.56848,2.0801,4.4511,6.1252,7.1969,8.1096,9.0434,9.6032,10.398
-25.216,-26.454,-26.905,-26.744,-25.9,-24.542,-23.19,-21.724,-19.75,-19.366,-17.236,-13.776,-11.851,-9.8192,-6.3233,-3.3714,-3.2181,-4.3068,-3.6309,-4.8059,-4.9546,-6.6093,-6.6369,-6.1892,-5.8868,-5.442,-4.8533,-4.316,-3.5135,-2.7045,-1.3613,-0.69044,1.3748,3.0787,4.4609,5.6595,6.7241,7.6851,8.3531,9.2324
-26.054,-27.937,-28.533,-28.519,-27.608,-26.087,-24.35,-22.503,-20.979,-20.058,-19.674,-16.769,-15.572,-14.282,-11.489,-8.198,-7.0286,-7.6335,-6.2381,-5.929,-6.4063,-8.1496,-8.3438,-8.2307,-8.2949,-7.9726,-6.8192,-5.2454,-4.0029,-2.9648,-1.5924,-0.72664,0.67666,1.9539,3.2169,4.4379,5.5605,6.5719,7.3514,8.2945
-26.807,-28.671,-29.702,-29.971,-29.142,-27.646,-25.926,-24.041,-22.264,-20.71,-20.737,-18.815,-18.077,-17.154,-15.088,-12.538,-11.235,-10.94,-9.1336,-8.0869,-8.5767,-9.3474,-9.0686,-9.1938,-9.4989,-9.2633,-8.1029,-6.5152,-5.4356,-3.9685,-2.5436,-1.3309,-0.14058,0.98774,2.1539,3.2825,4.3971,5.4798,6.3087,7.2932
-27.41,-29.031,-30.276,-30.389,-29.405,-27.957,-26.416,-24.685,-22.873,-21.63,-21.473,-20.82,-20.332,-19.632,-18.201,-16.669,-15.619,-14.548,-12.854,-11.547,-11.462,-11.001,-9.8619,-9.6256,-9.7628,-9.3474,-8.2818,-7.1886,-6.3602,-4.7627,-3.2483,-2.019,-0.82132,0.25591,1.2692,2.2188,3.2733,4.4062,5.235,6.3297
-27.798,-29.405,-30.447,-30.112,-28.815,-27.197,-25.558,-23.948,-22.572,-21.945,-22.065,-22.247,-21.922,-21.546,-20.906,-20.022,-19.114,-18.12,-16.769,-15.235,-14.425,-13.618,-12.262,-11.555,-11.229,-10.455,-9.1626,-7.8911,-6.7033,-5.2091,-3.7018,-2.5364,-1.3943,-0.40295,0.48619,1.3034,2.2631,3.3416,4.143,5.3588
-28.085,-29.77,-30.456,-29.695,-27.995,-26.015,-24.149,-22.62,-21.681,-21.427,-21.897,-22.289,-22.081,-21.697,-21.467,-21.101,-20.527,-19.86,-18.771,-17.455,-16.278,-15.42,-14.323,-13.474,-12.811,-11.799,-10.326,-8.7207,-7.1138,-5.6901,-4.2665,-3.0745,-1.9743,-1.0547,-0.19536,0.5984,1.4607,2.3944,3.137,4.3719
-28.253,-29.815,-30.463,-29.345,-27.497,-25.599,-23.84,-22.399,-21.489,-21.506,-21.579,-21.59,-21.28,-20.887,-20.676,-20.525,-20.313,-19.923,-19.083,-18.127,-16.992,-16.068,-14.935,-13.929,-12.866,-11.681,-10.367,-8.9071,-7.4642,-6.1081,-4.7656,-3.5454,-2.4511,-1.4475,-0.52916,0.21615,0.97373,1.8235,2.5161,3.7472
-28.145,-29.373,-29.508,-27.988,-26.026,-24.422,-23.135,-22.027,-21.385,-21.564,-21.537,-21.348,-20.941,-20.396,-20.001,-19.808,-19.558,-19.039,-18.354,-17.653,-16.826,-15.705,-14.646,-13.735,-12.766,-11.677,-10.543,-9.4272,-8.3093,-7.0198,-5.7162,-4.547,-3.4933,-2.498,-1.5566,-0.8043,-0.11759,0.64177,1.3615,2.5556
