-0.050383,-0.062046,-0.076696,-0.075319,-0.069257,-0.073232,-0.076606,-0.076993,-0.077381,-0.12869,-0.17999,-0.2319,-0.34519,-0.49923,-0.58919,-0.58948,-0.45884,-0.24775,-0.023751,0.16791,0.26754,0.21984,0.12199,0.055391,-0.0075838,-0.054993,-0.084813,-0.080809,-0.069893,-0.043431,-0.030165,-0.018106,-0.0060476,-0.0021837,0.0016801,-0.18295,-0.36757,-0.55493,-0.55704,-0.55915
-0.068211,-0.084466,-0.10261,-0.098879,-0.089245,-0.093613,-0.09738,-0.099261,-0.102,-0.153,-0.205,-0.2576,-0.37157,-0.53805,-0.67893,-0.71272,-0.56531,-0.292,-0.032901,0.22673,0.37553,0.32208,0.15868,0.065097,-0.012651,-0.072475,-0.1073,-0.093973,-0.073729,-0.044537,-0.02854,-0.015915,-0.0032895,-0.093104,-0.18292,-0.46122,-0.74009,-1.0207,-0.92944,-0.83819
-0.086341,-0.10719,-0.12882,-0.1236,-0.11039,-0.11515,-0.11931,-0.12269,-0.12692,-0.17762,-0.22932,-0.2826,-0.39726,-0.56443,-0.75623,-0.83555,-0.67137,-0.33585,-0.053098,0.2745,0.47885,0.4025,0.17355,0.059587,-0.032935,-0.097769,-0.12047,-0.097809,-0.074835,-0.042346,-0.025782,-0.01259,-8.791e-05,-0.18358,-0.36764,-0.74019,-1.1133,-1.4864,-1.3018,-1.1172
-0.092239,-0.11571,-0.13614,-0.12943,-0.10892,-0.10352,-0.10437,-0.10825,-0.11397,-0.1174,-0.12601,-0.12907,-0.19224,-0.3069,-0.51582,-0.71245,-0.66516,-0.35789,-0.17218,0.12427,0.38829,0.36357,0.10282,0.024956,-0.059376,-0.10664,-0.10567,-0.065254,-0.031243,-0.0059922,0.0026425,0.0091135,-0.081958,-0.36243,-0.64346,-1.1123,-1.5817,-1.9538,-1.6755,-1.3973
-0.095364,-0.12389,-0.14394,-0.13642,-0.11326,-0.097196,-0.086429,-0.090602,-0.09713,-0.10252,-0.1173,-0.12622,-0.13856,-0.20173,-0.35607,-0.51836,-0.5073,-0.22702,-0.098951,0.14237,0.35476,0.35719,0.080317,0.017238,-0.057902,-0.086489,-0.073837,-0.037925,-0.013364,0.0024348,0.008867,-0.081637,-0.26968,-0.64427,-1.0194,-1.4881,-1.8639,-2.1413,-1.7688,-1.3962
-0.10976,-0.14335,-0.163,-0.15618,-0.11996,-0.096174,-0.073791,-0.071805,-0.078629,-0.08558,-0.10193,-0.11671,-0.12347,-0.13522,-0.23431,-0.36181,-0.36581,-0.12888,-0.074561,0.098889,0.26612,0.27484,0.039744,0.007823,-0.045888,-0.062597,-0.039259,-0.014021,0.0014983,-0.082933,-0.17279,-0.35958,-0.64118,-1.1099,-1.489,-1.863,-2.144,-2.3267,-1.86,-1.3932
-0.12016,-0.15772,-0.18118,-0.18247,-0.13246,-0.10207,-0.068865,-0.056214,-0.054928,-0.063276,-0.081185,-0.10173,-0.11426,-0.11769,-0.16414,-0.25749,-0.27642,-0.10106,-0.080979,0.029339,0.15091,0.16709,0.0028742,0.00057317,-0.040142,-0.043806,-0.014204,0.00050285,-0.084892,-0.26227,-0.44841,-0.72932,-1.105,-1.4824,-1.7701,-2.0494,-2.2352,-2.3237,-1.8569,-1.3912
-0.13026,-0.17178,-0.20031,-0.21157,-0.14778,-0.11077,-0.069798,-0.045229,-0.033976,-0.042025,-0.13578,-0.15598,-0.1703,-0.17501,-0.17121,-0.14505,-0.18351,-0.079984,-0.09684,-0.059577,0.0056864,0.051007,-0.035439,0.00092382,-0.013202,-0.0040545,-0.079559,-0.16721,-0.34954,-0.62673,-0.90995,-1.1937,-1.5717,-1.8577,-2.0501,-2.2342,-2.3247,-2.3118,-1.846,-1.3813
-0.14544,-0.1893,-0.2229,-0.24537,-0.16484,-0.13085,-0.083742,-0.047721,-0.024551,-0.02825,-0.18263,-0.28312,-0.29989,-0.39413,-0.39039,-0.33093,-0.35588,-0.36125,-0.32177,-0.34682,-0.33883,-0.22971,-0.29953,-0.2314,-0.1838,-0.1755,-0.34319,-0.43252,-0.71118,-1.0841,-1.37,-1.656,-1.9429,-2.137,-2.2342,-2.3237,-2.3196,-2.2714,-1.8067,-1.343
-0.16925,-0.22353,-0.26109,-0.29548,-0.1995,-0.1603,-0.10698,-0.06263,-0.027542,-0.025606,-0.18196,-0.33375,-0.39431,-0.49346,-0.4974,-0.44121,-0.44591,-0.5324,-0.58285,-0.6936,-0.67806,-0.61111,-0.56408,-0.40978,-0.36398,-0.44169,-0.62218,-0.79782,-1.1674,-1.5407,-1.8301,-2.0249,-2.2207,-2.3211,-2.3199,-2.307,-2.2951,-2.2116,-1.7478,-1.2889
-0.18226,-0.24882,-0.29144,-0.33687,-0.23727,-0.1912,-0.1298,-0.083447,-0.037319,-0.067911,-0.25682,-0.4738,-0.52458,-0.68299,-0.70428,-0.64979,-0.61998,-0.75013,-0.7873,-0.8926,-0.8801,-0.78197,-0.76907,-0.58046,-0.60378,-0.64103,-0.86299,-1.059,-1.5169,-1.7751,-2.0631,-2.2116,-2.3112,-2.3087,-2.2953,-2.2471,-2.2284,-2.1134,-1.6585,-1.2085
-0.21347,-0.29233,-0.34475,-0.38877,-0.28862,-0.23523,-0.15932,-0.098747,-0.054025,-0.12859,-0.30415,-0.5257,-0.62568,-0.78318,-0.76392,-0.82448,-0.84779,-0.96523,-1.0226,-1.1477,-1.0883,-1.04,-0.99765,-0.81458,-0.85121,-0.81925,-0.93055,-1.2398,-1.6611,-1.8788,-2.1713,-2.3204,-2.2953,-2.2836,-2.2602,-2.1805,-2.1303,-1.9878,-1.5418,-1.0995
-0.23155,-0.32647,-0.3893,-0.44778,-0.35029,-0.28193,-0.1903,-0.10955,-0.050376,-0.13632,-0.25675,-0.48585,-0.59417,-0.79374,-0.77462,-0.8939,-0.91082,-1.0893,-1.1696,-1.3404,-1.3742,-1.3268,-1.2779,-1.0857,-1.1137,-0.97772,-1.0327,-1.3149,-1.6576,-1.8099,-2.1007,-2.2948,-2.2349,-2.2141,-2.1619,-2.0538,-1.9762,-1.8092,-1.3995,-0.99362
-0.2388,-0.3513,-0.42833,-0.50332,-0.41288,-0.32758,-0.21608,-0.12606,-0.091747,-0.1571,-0.18924,-0.34184,-0.44445,-0.56255,-0.60951,-0.75227,-0.78971,-0.95057,-1.0771,-1.2186,-1.3484,-1.485,-1.4351,-1.2948,-1.3837,-1.1894,-1.0471,-1.2511,-1.4908,-1.5268,-1.8097,-2.0381,-2.0386,-2.0366,-1.9804,-1.8655,-1.789,-1.6544,-1.281,-0.91136
-0.25816,-0.3789,-0.4636,-0.53649,-0.42066,-0.34646,-0.24228,-0.12633,-0.09413,-0.18601,-0.19177,-0.28786,-0.36076,-0.48981,-0.5554,-0.71739,-0.75987,-0.92798,-0.98419,-1.0628,-1.2048,-1.3229,-1.4481,-1.5002,-1.6044,-1.2859,-1.1741,-1.1926,-1.1902,-1.1709,-1.4951,-1.7107,-1.7262,-1.7813,-1.7708,-1.681,-1.6077,-1.5045,-1.1722,-0.83996
-0.23939,-0.37123,-0.42968,-0.51095,-0.40683,-0.33133,-0.2233,-0.15408,-0.11349,-0.16659,-0.075992,-0.10516,-0.19977,-0.30173,-0.35824,-0.59201,-0.72155,-0.80975,-0.88659,-1.0154,-1.2428,-1.3566,-1.4855,-1.5681,-1.6388,-1.303,-1.1971,-1.2317,-1.2023,-1.1408,-1.3462,-1.4694,-1.4634,-1.5208,-1.5321,-1.4986,-1.4513,-1.375,-1.0782,-0.7813
-0.1591,-0.30595,-0.38357,-0.58745,-0.44513,-0.3731,-0.273,-0.19228,-0.029079,-0.060435,0.043907,0.024394,-0.056387,-0.21527,-0.30604,-0.4374,-0.54514,-0.65943,-0.81612,-1.0061,-1.2675,-1.3082,-1.4396,-1.4448,-1.4629,-1.2426,-1.2146,-1.1001,-1.0691,-0.96794,-1.1037,-1.1711,-1.2525,-1.3128,-1.3341,-1.3051,-1.3052,-1.2491,-0.99333,-0.73752
-0.17678,-0.33533,-0.426,-0.6451,-0.50413,-0.40463,-0.3147,-0.22058,-0.042163,-0.023821,0.17212,0.17458,0.058425,-0.044239,-0.13466,-0.32982,-0.42804,-0.43813,-0.6303,-0.78219,-0.98444,-1.1004,-1.2665,-1.2756,-1.3182,-1.2616,-1.1649,-1.0029,-0.97869,-0.88173,-0.91095,-0.93293,-1.033,-1.0923,-1.1451,-1.1404,-1.1705,-1.1642,-0.92166,-0.68406
-0.069884,-0.23324,-0.3286,-0.67781,-0.53529,-0.44994,-0.35088,-0.26191,0.087299,0.11337,0.33255,0.32884,0.19588,-0.033053,-0.078849,-0.23794,-0.30419,-0.25224,-0.43066,-0.55554,-0.67961,-0.74019,-0.88443,-0.90879,-0.94182,-0.97849,-0.93486,-0.86349,-0.8683,-0.81548,-0.83925,-0.85126,-0.89286,-0.93668,-1.0078,-1.0186,-1.071,-1.0759,-0.85293,-0.63486
0.018641,-0.12767,-0.21698,-0.63859,-0.51113,-0.44015,-0.34477,-0.2273,0.19431,0.24909,0.5624,0.60531,0.49556,0.2107,0.22483,0.0020809,-0.098598,-0.067406,-0.24902,-0.40608,-0.52674,-0.57589,-0.62858,-0.54024,-0.54143,-0.63999,-0.59583,-0.6491,-0.81656,-0.84199,-0.82808,-0.83538,-0.84005,-0.8252,-0.86664,-0.87615,-0.95697,-0.98889,-0.79509,-0.59335
0.079449,-0.045104,-0.15699,-0.64124,-0.48288,-0.40657,-0.24232,-0.068588,0.41566,0.46214,0.70345,0.66716,0.63122,0.35141,0.36761,0.29975,0.25442,0.19587,-0.030393,-0.13968,-0.25665,-0.34907,-0.38825,-0.31727,-0.28101,-0.44484,-0.3601,-0.40666,-0.51992,-0.62753,-0.64582,-0.69739,-0.70965,-0.70285,-0.73477,-0.75364,-0.84894,-0.90969,-0.74954,-0.58109
0.12538,0.028601,-0.046107,-0.48541,-0.35703,-0.26888,-0.027266,0.12611,0.56541,0.70809,0.90011,0.86077,0.93632,0.7132,0.64149,0.61061,0.64477,0.52182,0.39979,0.49134,0.47163,0.2234,0.17469,0.13982,0.022735,-0.20917,-0.16718,-0.29603,-0.40144,-0.52974,-0.55025,-0.57113,-0.52621,-0.56597,-0.6207,-0.69487,-0.80228,-0.89679,-0.74525,-0.58243
0.31192,0.25238,0.21616,-0.31036,-0.13162,-0.039516,0.24182,0.40547,0.93199,0.98901,1.0464,0.93921,1.1036,0.8351,0.76815,0.88648,0.91912,0.80816,0.63288,0.73499,0.70241,0.52008,0.34089,0.3156,0.20682,-0.027098,-0.02287,-0.14268,-0.24577,-0.35136,-0.37446,-0.40637,-0.37335,-0.42411,-0.49456,-0.58928,-0.70035,-0.81561,-0.68998,-0.54815
0.31208,0.28544,0.3302,-0.057405,0.16547,0.30127,0.60811,0.77836,1.166,1.2191,1.1875,1.0327,1.2027,1.1213,1.0111,1.1632,1.2349,1.0414,0.75079,0.83739,0.79632,0.63162,0.51832,0.52748,0.43036,0.20848,0.14577,-0.026846,-0.13193,-0.23855,-0.26041,-0.27185,-0.22631,-0.30099,-0.37176,-0.47346,-0.58656,-0.74254,-0.63659,-0.51443
0.42737,0.46443,0.57288,0.23414,0.47763,0.62452,0.94893,1.0825,1.4213,1.5048,1.4148,1.1362,1.3167,1.2669,1.1243,1.3507,1.5155,1.3191,1.0302,1.0962,0.9876,0.80858,0.67221,0.66303,0.54823,0.33733,0.26729,0.13616,0.045253,-0.056581,-0.078204,-0.094307,-0.079575,-0.16931,-0.24388,-0.35938,-0.47607,-0.63378,-0.55687,-0.45277
0.535,0.63575,0.8037,0.51288,0.79277,0.94316,1.2024,1.3499,1.6407,1.7447,1.5956,1.3324,1.382,1.3674,1.2603,1.5208,1.7905,1.7585,1.5485,1.5845,1.5127,1.2617,1.0677,0.97006,0.77464,0.54163,0.46588,0.34639,0.2429,0.13984,0.078722,0.041977,0.025033,-0.062427,-0.13138,-0.2394,-0.35142,-0.51335,-0.45889,-0.37761
0.61316,0.77552,0.99609,0.7503,1.0799,1.2316,1.4225,1.5873,1.8331,1.8989,1.8089,1.4826,1.3904,1.3063,1.3033,1.4402,1.6629,1.7582,1.5873,1.4158,1.2347,1.1184,0.86863,0.81766,0.70786,0.62421,0.54889,0.45434,0.32299,0.23212,0.15338,0.1181,0.10415,0.062511,0.021406,-0.080167,-0.16327,-0.32764,-0.31504,-0.2786
0.6075,0.82248,1.1133,1.0598,1.3517,1.4769,1.6471,1.691,1.7445,1.7873,1.691,1.3426,1.306,1.2624,1.254,1.3066,1.5303,1.4912,1.4537,1.2998,1.1637,1.0655,0.96666,0.87876,0.7632,0.73221,0.63751,0.53658,0.40995,0.31303,0.2068,0.17765,0.15736,0.12347,0.10274,0.019483,-0.055483,-0.20366,-0.21848,-0.20588
0.68384,0.95146,1.2655,1.2962,1.5527,1.6339,1.6974,1.6538,1.623,1.5697,1.4425,1.1536,1.1276,1.0363,1.1713,1.2078,1.4525,1.525,1.6474,1.4648,1.3774,1.2749,1.0909,0.93955,0.78576,0.7593,0.64649,0.58383,0.46414,0.37025,0.23189,0.19524,0.16221,0.15458,0.14552,0.079895,0.032248,-0.088987,-0.12478,-0.13315
0.68391,0.97473,1.3148,1.4474,1.6832,1.6974,1.671,1.5312,1.3986,1.2339,1.0557,0.8479,0.81013,0.76412,0.90047,0.95201,1.1439,1.2678,1.4022,1.2859,1.277,1.1909,1.063,0.93768,0.80569,0.78659,0.71774,0.62797,0.48903,0.39304,0.2428,0.17779,0.14296,0.14432,0.14819,0.11217,0.092125,-0.026067,-0.058997,-0.088341
0.68169,0.99571,1.3619,1.5987,1.7149,1.6391,1.5194,1.2778,1.041,0.86238,0.75598,0.62491,0.66967,0.62079,0.72783,0.66869,0.75212,0.76786,0.88142,0.79676,0.83722,0.83632,0.7907,0.76756,0.71726,0.72879,0.66782,0.59418,0.45745,0.36075,0.23754,0.17613,0.13778,0.13339,0.13194,0.11561,0.12154,0.03381,0.0039238,-0.022558
0.7052,1.0453,1.3679,1.6391,1.6124,1.4434,1.2276,0.95634,0.68509,0.47957,0.3463,0.28944,0.4106,0.43687,0.52053,0.56116,0.64371,0.61641,0.69278,0.69341,0.7348,0.73579,0.72423,0.68902,0.67369,0.6511,0.59643,0.54379,0.47361,0.3783,0.28457,0.21292,0.15444,0.13299,0.1242,0.12678,0.12856,0.06967,0.042827,0.019388
0.68698,1.0532,1.3086,1.5105,1.3906,1.1952,0.88008,0.67794,0.47604,0.34806,0.29124,0.31441,0.34152,0.36268,0.44836,0.47494,0.54704,0.61789,0.69269,0.68054,0.72941,0.72243,0.70485,0.67708,0.66799,0.64801,0.61654,0.57788,0.521,0.42717,0.333,0.25189,0.1814,0.13702,0.12071,0.11819,0.11487,0.077746,0.057532,0.037137
0.64953,0.97183,1.1601,1.2885,1.0778,0.8763,0.61257,0.48507,0.35675,0.30298,0.32615,0.34601,0.36584,0.38468,0.39461,0.41036,0.42017,0.44761,0.47713,0.49947,0.52741,0.56063,0.57584,0.59194,0.6149,0.62099,0.6152,0.59978,0.5553,0.48028,0.38958,0.30272,0.22144,0.16398,0.13343,0.12339,0.11496,0.096755,0.07448,0.052024
0.61232,0.8675,0.98581,1.0374,0.72779,0.59565,0.40128,0.35155,0.29994,0.32863,0.35378,0.37561,0.3846,0.39872,0.40686,0.42077,0.43145,0.47458,0.50016,0.51806,0.54377,0.57074,0.57215,0.58949,0.60948,0.61671,0.61519,0.60567,0.57597,0.51975,0.42893,0.34122,0.25746,0.188,0.14321,0.12895,0.1181,0.11863,0.09429,0.069772
0.51048,0.69855,0.74935,0.72676,0.46855,0.40749,0.28694,0.31143,0.33402,0.35941,0.38231,0.39832,0.40259,0.41318,0.42156,0.43147,0.4464,0.49608,0.51849,0.53061,0.55589,0.577,0.5688,0.5841,0.60469,0.61212,0.61346,0.60811,0.59763,0.55726,0.48275,0.39515,0.31171,0.22732,0.16946,0.14097,0.12994,0.12401,0.09743,0.070851
0.44758,0.56565,0.6162,0.58939,0.33079,0.34222,0.29944,0.32839,0.3552,0.37703,0.39637,0.40461,0.40266,0.41303,0.42273,0.43372,0.45357,0.50969,0.52812,0.53991,0.56519,0.58052,0.56713,0.58209,0.60178,0.60884,0.61414,0.60952,0.60408,0.57875,0.50686,0.41616,0.33272,0.24587,0.17618,0.14527,0.13406,0.12527,0.096447,0.067626
0.39162,0.44639,0.50364,0.48133,0.29405,0.30573,0.33046,0.35692,0.38027,0.39632,0.41095,0.41717,0.4132,0.42453,0.43352,0.44744,0.47002,0.52721,0.54143,0.55294,0.57058,0.58013,0.56275,0.57663,0.59435,0.60267,0.61062,0.60852,0.60594,0.59886,0.54684,0.47066,0.40173,0.3165,0.23404,0.18694,0.16168,0.13578,0.10354,0.07131
0.28896,0.33411,0.38176,0.36614,0.2435,0.25269,0.26965,0.28834,0.30499,0.31682,0.32724,0.33452,0.33363,0.34296,0.34977,0.36149,0.38108,0.42695,0.43824,0.4474,0.45999,0.46527,0.44909,0.45991,0.47385,0.48041,0.48631,0.48613,0.48533,0.48037,0.44523,0.38845,0.33583,0.2669,0.20074,0.15812,0.1351,0.11126,0.08524,0.059218
0.1863,0.22184,0.25987,0.25096,0.19543,0.20214,0.21661,0.22753,0.23747,0.2426,0.2488,0.25187,0.25405,0.2614,0.26601,0.27553,0.29275,0.3273,0.33566,0.34248,0.35001,0.35041,0.33544,0.34318,0.35334,0.35786,0.36171,0.36344,0.36444,0.3616,0.34469,0.30731,0.27099,0.21837,0.16851,0.1293,0.10852,0.086744,0.066935,0.047126
