2.6585,2.9433,2.9093,2.776,2.5679,2.3242,2.0664,1.8154,1.7014,1.7788,2.1904,3.1771,4.6305,6.4935,8.6741,10.953,12.958,14.211,13.722,9.6078,5.1744,1.1991,-1.9044,-4.1229,-3.5006,-1.2981,0.48028,1.476,1.7261,1.7874,1.8084,1.9114,2.0319,2.1442,2.2325,2.302,2.3477,2.3577,2.3456,2.3295
2.655,2.9624,2.9743,2.8751,2.6951,2.4662,2.1994,1.9156,1.7365,1.6888,1.9145,2.7824,4.2762,5.9512,7.8065,10.041,12.157,13.148,12.116,7.9361,3.9961,0.29129,-2.4507,-4.1232,-2.9626,-0.59252,0.95673,1.656,1.7537,1.8085,1.8501,1.9708,2.1158,2.2452,2.3326,2.3804,2.3889,2.3607,2.3271,2.307
2.6663,2.9673,3.0222,2.9277,2.7532,2.5461,2.296,2.0037,1.784,1.7054,1.8339,2.5429,3.7801,5.1146,6.5722,8.4303,10.21,10.928,9.9396,6.4572,3.2682,0.17557,-2.0677,-3.3197,-2.2015,-0.17301,1.0873,1.6493,1.7519,1.8329,1.9164,2.0399,2.1861,2.3021,2.3655,2.3842,2.3757,2.3507,2.3172,2.3001
2.6951,2.9815,3.0825,2.9927,2.8016,2.5942,2.3582,2.07,1.8321,1.7325,1.8094,2.361,3.2843,4.2522,5.2948,6.7233,8.1145,8.5943,7.7768,5.1212,2.7484,0.2992,-1.4362,-2.3267,-1.3748,0.21082,1.1752,1.6522,1.7834,1.9016,1.9979,2.1363,2.2591,2.3366,2.3669,2.3674,2.3533,2.329,2.3131,2.357
2.6989,2.9715,3.0877,3.0015,2.812,2.6044,2.3743,2.1033,1.8733,1.7961,1.8427,2.2882,2.9088,3.5128,4.1071,5.0537,6.0107,6.2104,5.539,3.7283,2.1518,0.37303,-0.8282,-1.278,-0.48439,0.66883,1.3801,1.7649,1.9049,2.0055,2.1059,2.2222,2.3114,2.3609,2.3613,2.3464,2.3329,2.307,2.3061,2.4223
2.693,2.9038,3.0399,2.9448,2.7477,2.5646,2.3883,2.1731,1.9647,1.9159,1.9215,2.25,2.5378,2.7643,2.9043,3.3617,3.8723,3.7646,3.2074,2.2776,1.5042,0.43766,-0.19542,-0.17958,0.46862,1.2074,1.6576,1.8885,1.9889,2.0565,2.1182,2.1849,2.2569,2.3114,2.3172,2.3018,2.3115,2.3425,2.3883,2.5628
2.5796,2.7253,2.9417,2.8692,2.6368,2.4394,2.2996,2.1452,1.9781,1.9182,1.951,2.153,2.1213,2.0645,1.933,1.9876,2.1031,1.9134,1.6728,1.49,1.3742,0.98629,0.78503,0.97623,1.3533,1.6901,1.8945,2.0026,2.0988,2.1414,2.1637,2.1593,2.2042,2.2202,2.2137,2.2102,2.2734,2.4124,2.5495,2.8117
2.326,2.482,2.7933,2.7552,2.4591,2.1726,1.9804,1.8452,1.771,1.706,1.8758,2.0391,1.8731,1.7271,1.5765,1.4295,1.3312,1.3422,1.5575,1.7598,1.9442,1.9574,1.8819,1.8991,1.9284,1.9756,2.0513,2.1473,2.2998,2.3072,2.3309,2.2665,2.2519,2.1877,2.147,2.1753,2.3039,2.5236,2.7663,3.1297
2.1153,2.2473,2.5621,2.472,2.0931,1.7715,1.5939,1.513,1.5774,1.5834,1.8137,2.0244,1.9635,1.8062,1.6313,1.5572,1.5863,1.6562,1.8346,2.0562,2.2784,2.2138,2.1071,2.0755,2.1004,2.1611,2.2167,2.258,2.3409,2.3523,2.3235,2.3052,2.2628,2.2559,2.3009,2.4063,2.5791,2.8252,3.155,3.5138
1.6784,1.5873,1.9133,1.9215,1.6293,1.3881,1.3595,1.4773,1.6484,1.779,1.9659,2.2075,2.1174,1.9713,1.7925,1.7228,1.7583,1.7816,1.9029,2.0669,2.2293,2.1754,2.1637,2.1609,2.2347,2.3582,2.4362,2.4533,2.4912,2.5591,2.5362,2.55,2.5149,2.5625,2.649,2.7699,2.9466,3.1896,3.519,3.8306
1.1199,0.90224,1.4178,1.5936,1.3599,1.1938,1.284,1.5074,1.7908,1.9175,2.0173,2.2514,2.1962,2.034,1.8636,1.8636,2.0009,2.109,2.2706,2.5051,2.6633,2.6203,2.4997,2.4104,2.4091,2.4636,2.4829,2.4689,2.5471,2.6363,2.5986,2.6409,2.6013,2.6305,2.7512,2.9624,3.2387,3.5732,3.9921,4.301
0.30005,0.046119,0.83807,1.2321,1.1233,1.0325,1.156,1.4073,1.7535,1.8824,2.0283,2.2437,2.2704,2.1061,1.9046,1.9235,2.1072,2.2343,2.3939,2.6382,2.8275,2.7593,2.6705,2.5776,2.4737,2.4458,2.4827,2.5094,2.5877,2.7262,2.8604,2.9486,2.8915,2.9358,3.0715,3.2723,3.5203,3.8233,4.2181,4.4988
0.25414,-0.046913,0.66669,1.0586,1.098,1.1307,1.2888,1.5853,1.9702,2.1779,2.2665,2.4485,2.4671,2.3126,2.1161,2.0904,2.2018,2.2991,2.4682,2.6942,2.8781,2.8286,2.8146,2.747,2.6292,2.5379,2.5622,2.6428,2.6344,2.8287,2.982,3.1526,3.121,3.2717,3.4919,3.7001,3.9334,4.2039,4.4789,4.6746
0.32051,-0.030527,0.5892,1.0436,1.2395,1.3782,1.5867,1.9234,2.2864,2.4829,2.4962,2.5951,2.5519,2.4575,2.3121,2.2564,2.3067,2.3627,2.4807,2.5996,2.6928,2.7102,2.7685,2.7693,2.7048,2.6501,2.6939,2.7833,2.795,3.007,3.1885,3.3821,3.4078,3.5606,3.7741,3.9648,4.1821,4.4467,4.6667,4.8686
0.53257,0.25554,0.95773,1.4202,1.6377,1.808,1.9917,2.2396,2.5006,2.6208,2.604,2.6378,2.5882,2.5389,2.4345,2.3679,2.3983,2.4832,2.619,2.6817,2.7442,2.8319,2.8674,2.9024,2.8437,2.7915,2.8436,2.9097,2.9234,3.081,3.2665,3.447,3.4706,3.5858,3.7758,3.9489,4.1628,4.4743,4.7475,4.9514
0.76765,0.57798,1.2857,1.718,1.9509,2.1375,2.2762,2.4216,2.5561,2.6047,2.5999,2.5467,2.5159,2.4787,2.4124,2.3756,2.4175,2.5319,2.6761,2.7325,2.8056,2.8832,2.9201,2.9586,2.8864,2.8319,2.8954,2.9359,2.8695,2.9644,3.1562,3.3318,3.3681,3.5262,3.7417,3.8921,4.0557,4.3303,4.581,4.7252
1.0864,0.92021,1.3529,1.706,2.0144,2.2138,2.3067,2.4424,2.5421,2.5905,2.5942,2.4887,2.467,2.408,2.3689,2.3767,2.4388,2.5527,2.6532,2.7395,2.8045,2.8297,2.89,2.9295,2.8878,2.8622,2.9296,2.9602,2.8254,2.8643,3.0482,3.2201,3.2935,3.5202,3.7734,3.8921,3.98,4.18,4.354,4.4029
1.4848,1.3029,1.405,1.613,1.9259,2.081,2.1201,2.3094,2.4767,2.5818,2.5837,2.5491,2.5378,2.4403,2.409,2.4529,2.5453,2.6835,2.7868,2.9268,2.9706,2.9903,3.0034,3.0147,3.0183,3.0251,3.0658,3.0779,2.9513,2.9359,3.0351,3.1713,3.2464,3.4697,3.7449,3.8716,3.9625,4.2189,4.449,4.4575
1.3747,1.0854,1.1183,1.3021,1.5655,1.688,1.783,2.0707,2.2673,2.3851,2.429,2.4642,2.4428,2.3513,2.358,2.4737,2.6212,2.7708,2.9106,3.0219,3.0356,3.0596,3.068,3.0051,3.0202,3.1006,3.1474,3.1133,3.0147,3.014,3.0062,3.0745,3.1989,3.4245,3.742,3.9551,4.1262,4.4542,4.7604,4.8857
1.0632,0.7383,0.70637,0.83187,1.1629,1.4129,1.5826,1.9001,2.1445,2.3267,2.4238,2.5243,2.5525,2.4493,2.4431,2.552,2.6665,2.7739,2.9205,3.0788,3.1653,3.2116,3.1575,3.0579,3.0868,3.1766,3.2339,3.2618,3.2292,3.1903,3.058,3.0568,3.2485,3.5105,3.8348,4.1322,4.4083,4.6945,4.8886,5.1635
0.93226,0.58734,0.28554,0.37069,0.6781,0.90048,1.1007,1.4947,1.8949,2.0288,2.2405,2.3696,2.4601,2.326,2.362,2.5326,2.6469,2.7244,2.8229,3.0772,3.2089,3.1953,3.1261,3.0289,3.0347,3.1107,3.1575,3.182,3.2369,3.2202,3.0608,2.9196,3.2582,3.5208,3.8455,4.2253,4.6196,4.9671,5.1042,5.5882
1.1001,0.68209,0.26236,0.15461,0.25877,0.4461,0.75096,1.2295,1.736,1.9981,2.2516,2.4312,2.534,2.4152,2.3878,2.5255,2.6585,2.7114,2.8051,3.0566,3.21,3.279,3.248,3.1724,3.2111,3.3185,3.3875,3.4493,3.566,3.5763,3.4292,3.1983,3.5064,3.7041,3.9683,4.3007,4.7402,5.2183,5.3822,6.0499
0.98801,0.50218,0.062501,0.01575,0.077789,0.28455,0.72222,1.2157,1.5983,1.8227,2.1606,2.3237,2.4192,2.3716,2.3994,2.5155,2.5759,2.574,2.6755,2.9325,3.0777,3.2248,3.1558,3.1094,3.1735,3.3023,3.3432,3.372,3.6536,3.5839,3.4572,3.1508,3.5028,3.646,3.9252,4.3363,4.8288,5.3234,5.4952,6.3514
0.76424,0.26053,-0.069858,-0.048801,-0.012451,0.21516,0.72215,1.2056,1.5615,1.8739,2.251,2.3896,2.4847,2.4535,2.4898,2.5943,2.6704,2.7216,2.8247,3.0957,3.234,3.3789,3.2386,3.1958,3.2344,3.3415,3.3736,3.3636,3.6657,3.6366,3.6111,3.2731,3.5872,3.7933,4.0049,4.2952,4.7212,5.1582,5.3029,6.0955
0.70563,0.19382,-0.024845,0.019355,-0.0074114,0.13566,0.59938,1.0785,1.4093,1.7932,2.1724,2.2752,2.4416,2.4227,2.4319,2.4585,2.4792,2.5578,2.6442,2.9534,3.0187,3.1949,3.1415,3.1555,3.2035,3.3123,3.3672,3.3347,3.5208,3.5799,3.7053,3.3816,3.6392,3.8605,4.0178,4.1611,4.5002,4.9796,5.1394,5.8154
0.50434,0.019636,-0.049895,0.044471,-0.021126,0.070588,0.49878,0.92334,1.1841,1.6801,1.9893,2.0569,2.2891,2.3487,2.3631,2.3834,2.4281,2.521,2.6123,2.9171,2.8904,3.16,3.2415,3.333,3.4092,3.5181,3.5592,3.4778,3.5468,3.5506,3.7709,3.5552,3.784,3.9278,4.0842,4.2059,4.4707,4.9344,5.1069,5.6839
0.10358,-0.35339,-0.24418,-0.073225,-0.12875,-0.049629,0.34738,0.71269,0.90939,1.5589,1.8727,1.9877,2.2893,2.4411,2.4567,2.4788,2.5634,2.6589,2.7495,3.0024,3.0053,3.3172,3.4324,3.5771,3.7106,3.8028,3.7993,3.7423,3.8095,3.6717,3.8657,3.7961,3.9845,4.0893,4.3154,4.5382,4.7797,5.1454,5.3408,5.7221
-0.20928,-0.64969,-0.39888,-0.18432,-0.2022,-0.19832,0.062974,0.41219,0.5893,1.2812,1.6948,1.9303,2.3733,2.5737,2.5662,2.5145,2.5341,2.6205,2.6859,2.8985,3.0352,3.2946,3.4221,3.5883,3.7784,3.8591,3.8462,3.8895,3.9708,3.8432,3.9611,3.9632,4.1406,4.3496,4.6813,5.0172,5.3237,5.6687,5.8973,6.0116
-0.52403,-0.86115,-0.46395,-0.21726,-0.14126,-0.10522,0.043237,0.31289,0.50896,1.1472,1.3995,1.651,2.1922,2.4759,2.5418,2.6334,2.8245,3.0062,3.1116,3.2912,3.4646,3.6954,3.9041,4.0277,4.1189,4.1512,4.1363,4.1074,4.0214,4.0298,4.129,4.2013,4.5141,4.8789,5.2337,5.6002,5.9699,6.2623,6.3862,6.3707
-0.78794,-1.188,-0.80952,-0.46919,-0.24433,-0.028581,0.26583,0.56094,0.6698,1.1186,1.2915,1.5019,2.0343,2.4153,2.6094,2.85,3.1096,3.223,3.3313,3.5379,3.7559,3.9456,4.1149,4.2013,4.2515,4.1916,4.1185,4.1555,4.098,3.9951,3.998,4.3122,4.7168,5.0806,5.5654,6.1486,6.5729,6.7295,6.8024,6.7349
-1.1829,-1.7669,-1.4411,-1.0336,-0.78483,-0.46635,0.043957,0.50651,0.70753,1.1678,1.4782,1.7559,2.1082,2.5382,2.8221,3.1201,3.4124,3.5333,3.719,3.8954,4.2816,4.53,4.6692,4.7006,4.607,4.4171,4.2573,4.1968,4.1281,4.0656,4.1475,4.5545,5.0091,5.5255,6.0806,6.6637,7.0357,7.0835,7.1346,6.9689
-1.5184,-2.1643,-1.9114,-1.5377,-1.2154,-0.86761,-0.36999,0.1587,0.38069,0.83773,1.2741,1.7433,2.2193,2.7285,3.0415,3.3048,3.5452,3.6489,3.8385,4.0838,4.4854,4.6393,4.7396,4.7608,4.6938,4.5163,4.346,4.2786,4.1994,4.2575,4.3722,4.8356,5.3773,6.0644,6.6033,7.0549,7.3665,7.4166,7.449,7.2
-1.9081,-2.4692,-2.2576,-1.8402,-1.3957,-0.95172,-0.46452,0.00014474,0.22871,0.59553,0.97056,1.5132,2.0759,2.7119,3.224,3.6108,3.8132,3.8017,3.868,3.9675,4.1177,4.2924,4.5417,4.6477,4.6543,4.6711,4.6859,4.5977,4.4601,4.6401,4.8447,5.3014,5.915,6.5891,7.0263,7.3443,7.5583,7.54,7.4801,7.3264
-2.0856,-2.68,-2.5423,-2.1752,-1.7856,-1.3316,-0.77983,-0.26848,0.039264,0.46453,0.94338,1.5345,2.0923,2.7697,3.3348,3.7066,3.8527,3.8226,3.8798,3.913,3.9807,4.1768,4.4282,4.5708,4.695,4.8477,4.9967,5.0638,5.0276,5.2028,5.3765,5.869,6.372,6.8911,7.2463,7.5124,7.6491,7.5656,7.5044,7.4095
-2.1848,-2.7537,-2.6521,-2.3892,-2.1206,-1.75,-1.2443,-0.73611,-0.3332,0.21654,0.81392,1.4737,2.066,2.7441,3.2627,3.5464,3.6364,3.6369,3.7383,3.7636,3.8422,4.0969,4.4193,4.6502,4.8932,5.1733,5.4231,5.5652,5.5947,5.7621,5.9394,6.3203,6.7133,7.1134,7.3815,7.5619,7.6481,7.6008,7.5743,7.5195
-2.2462,-2.6743,-2.5328,-2.321,-2.1047,-1.8312,-1.4865,-1.0911,-0.66799,-0.069226,0.50421,1.2354,1.9478,2.6323,3.1293,3.4318,3.5706,3.617,3.7358,3.7577,3.7985,4.0334,4.4335,4.7731,5.1439,5.5652,5.9226,6.1197,6.1933,6.3272,6.4705,6.679,6.9837,7.2664,7.4414,7.5555,7.6342,7.6581,7.6613,7.6212
-2.1156,-2.4596,-2.2795,-2.0683,-1.8496,-1.6236,-1.3799,-1.049,-0.63318,-0.083814,0.41346,1.1328,1.8828,2.5285,3.0274,3.3868,3.5837,3.6678,3.7832,3.7827,3.7976,4.0104,4.4169,4.7958,5.2517,5.7673,6.2269,6.5564,6.7241,6.8123,6.8895,6.992,7.1411,7.2732,7.3826,7.4896,7.5829,7.646,7.6861,7.6512
-1.8359,-2.2261,-2.0578,-1.8594,-1.6551,-1.437,-1.1752,-0.78918,-0.33082,0.16076,0.65187,1.2556,1.8644,2.4078,2.8816,3.227,3.4269,3.5867,3.7723,3.7917,3.906,4.2271,4.6256,4.9568,5.3609,5.843,6.3061,6.682,6.917,7.0237,7.1158,7.1526,7.1432,7.1855,7.2652,7.3626,7.4643,7.5613,7.6459,7.6398
-1.6857,-2.0994,-1.9201,-1.7283,-1.5409,-1.3317,-1.061,-0.65112,-0.17615,0.31471,0.79754,1.3212,1.8228,2.3041,2.744,3.1342,3.4798,3.8243,4.1881,4.372,4.6302,4.9744,5.2908,5.5311,5.8066,6.1255,6.4193,6.6715,6.8968,7.0159,7.0905,7.113,7.088,7.1317,7.1965,7.2871,7.4123,7.5438,7.6585,7.6526
-1.4107,-1.8494,-1.6831,-1.4536,-1.2244,-0.9701,-0.6537,-0.22863,0.22596,0.65092,1.0678,1.5704,2.0516,2.5035,2.9082,3.2665,3.556,3.8037,4.0979,4.2868,4.5273,4.8866,5.2582,5.533,5.8074,6.1078,6.3776,6.5901,6.7707,6.9308,7.0304,7.0679,7.049,7.1066,7.1597,7.2208,7.3259,7.4464,7.5524,7.5701
