-3.3411,-4.4548,-5.5686,-5.5686,-5.5686,-5.5686,-5.5686,-5.5686,-5.5686,-5.5686,-5.5686,-5.5686,-5.5686,-5.5686,-5.5686,-5.5686,-5.5686,-5.5686,-5.5686,-5.5686,-5.5686,-5.5686,-5.5686,-5.5686,-5.5686,-5.5686,-5.5686,-5.5686,-5.5686,-5.5686,-5.5686,-5.5686,-5.5686,-5.5686,-5.5686,-5.5686,-5.5686,-5.5686,-4.4548,-3.3411
-4.2646,-5.6861,-7.1076,-7.1076,-7.1076,-7.1076,-7.1076,-7.1076,-7.1076,-7.1076,-7.1076,-7.1076,-7.1076,-7.1076,-7.1076,-7.1076,-7.1076,-7.1076,-7.1076,-7.1076,-7.1076,-7.1076,-7.1076,-7.1076,-7.1076,-7.1076,-7.1076,-7.1076,-7.1076,-7.1076,-7.1076,-7.1076,-7.1076,-7.1076,-7.1076,-7.1076,-7.1076,-7.1076,-5.6861,-4.2646
-5.1414,-6.8552,-8.569,-8.569,-8.569,-8.569,-8.569,-8.569,-8.569,-8.569,-8.569,-8.569,-8.569,-8.569,-8.569,-8.569,-8.569,-8.569,-8.569,-8.569,-8.569,-8.569,-8.569,-8.569,-8.569,-8.569,-8.569,-8.569,-8.569,-8.569,-8.569,-8.569,-8.569,-8.569,-8.569,-8.569,-8.569,-8.569,-6.8552,-5.1414
-4.6436,-6.1915,-7.7393,-7.7393,-7.7393,-7.7393,-7.7393,-7.7393,-7.7393,-7.7393,-7.7393,-7.7393,-7.7393,-7.7393,-7.7393,-7.7393,-7.7393,-7.7393,-7.7393,-7.7393,-7.7393,-7.7393,-7.7393,-7.7393,-7.7393,-7.7393,-7.7393,-7.7393,-7.7393,-7.7393,-7.7393,-7.7393,-7.7393,-7.7393,-7.7393,-7.7393,-7.7393,-7.7393,-6.1915,-4.6436
-4.3634,-5.8179,-7.2724,-7.2724,-7.2724,-7.2724,-7.2724,-7.2724,-7.2724,-7.2724,-7.2724,-7.2724,-7.2724,-7.2724,-7.2724,-7.2724,-7.2724,-7.2724,-7.2724,-7.2724,-7.2724,-7.2724,-7.2724,-7.2724,-7.2724,-7.2724,-7.2724,-7.2724,-7.2724,-7.2724,-7.2724,-7.2724,-7.2724,-7.2724,-7.2724,-7.2724,-7.2724,-7.2724,-5.8179,-4.3634
-4.0306,-5.3742,-6.7177,-6.7177,-6.7177,-6.7177,-6.7177,-6.7177,-6.7177,-6.7177,-6.7177,-6.7177,-6.7177,-6.7177,-6.7177,-6.7177,-6.7177,-6.7177,-6.7177,-6.7177,-6.7177,-6.7177,-6.7177,-6.7177,-6.7177,-6.7177,-6.7177,-6.7177,-6.7177,-6.7177,-6.7177,-6.7177,-6.7177,-6.7177,-6.7177,-6.7177,-6.7177,-6.7177,-5.3742,-4.0306
-3.7265,-4.9687,-6.2109,-6.2109,-6.2109,-6.2109,-6.2109,-6.2109,-6.2109,-6.2109,-6.2109,-6.2109,-6.2109,-6.2109,-6.2109,-6.2109,-6.2109,-6.2109,-6.2109,-6.2109,-6.2109,-6.2109,-6.2109,-6.2109,-6.2109,-6.2109,-6.2109,-6.2109,-6.2109,-6.2109,-6.2109,-6.2109,-6.2109,-6.2109,-6.2109,-6.2109,-6.2109,-6.2109,-4.9687,-3.7265
-3.4049,-4.5398,-5.6748,-5.6748,-5.6748,-5.6748,-5.6748,-5.6748,-5.6748,-5.6748,-5.6748,-5.6748,-5.6748,-5.6748,-5.6748,-5.6748,-5.6748,-5.6748,-5.6748,-5.6748,-5.6748,-5.6748,-5.6748,-5.6748,-5.6748,-5.6748,-5.6748,-5.6748,-5.6748,-5.6748,-5.6748,-5.6748,-5.6748,-5.6748,-5.6748,-5.6748,-5.6748,-5.6748,-4.5398,-3.4049
-3.0942,-4.1256,-5.157,-5.157,-5.157,-5.157,-5.157,-5.157,-5.157,-5.157,-5.157,-5.157,-5.157,-5.157,-5.157,-5.157,-5.157,-5.157,-5.157,-5.157,-5.157,-5.157,-5.157,-5.157,-5.157,-5.157,-5.157,-5.157,-5.157,-5.157,-5.157,-5.157,-5.157,-5.157,-5.157,-5.157,-5.157,-5.157,-4.1256,-3.0942
-2.7769,-3.7025,-4.6281,-4.6281,-4.6281,-4.6281,-4.6281,-4.6281,-4.6281,-4.6281,-4.6281,-4.6281,-4.6281,-4.6281,-4.6281,-4.6281,-4.6281,-4.6281,-4.6281,-4.6281,-4.6281,-4.6281,-4.6281,-4.6281,-4.6281,-4.6281,-4.6281,-4.6281,-4.6281,-4.6281,-4.6281,-4.6281,-4.6281,-4.6281,-4.6281,-4.6281,-4.6281,-4.6281,-3.7025,-2.7769
-2.4637,-3.2849,-4.1061,-4.1061,-4.1061,-4.1061,-4.1061,-4.1061,-4.1061,-4.1061,-4.1061,-4.1061,-4.1061,-4.1061,-4.1061,-4.1061,-4.1061,-4.1061,-4.1061,-4.1061,-4.1061,-4.1061,-4.1061,-4.1061,-4.1061,-4.1061,-4.1061,-4.1061,-4.1061,-4.1061,-4.1061,-4.1061,-4.1061,-4.1061,-4.1061,-4.1061,-4.1061,-4.1061,-3.2849,-2.4637
-2.1481,-2.8642,-3.5802,-3.5802,-3.5802,-3.5802,-3.5802,-3.5802,-3.5802,-3.5802,-3.5802,-3.5802,-3.5802,-3.5802,-3.5802,-3.5802,-3.5802,-3.5802,-3.5802,-3.5802,-3.5802,-3.5802,-3.5802,-3.5802,-3.5802,-3.5802,-3.5802,-3.5802,-3.5802,-3.5802,-3.5802,-3.5802,-3.5802,-3.5802,-3.5802,-3.5802,-3.5802,-3.5802,-2.8642,-2.1481
-1.8338,-2.4451,-3.0564,-3.0564,-3.0564,-3.0564,-3.0564,-3.0564,-3.0564,-3.0564,-3.0564,-3.0564,-3.0564,-3.0564,-3.0564,-3.0564,-3.0564,-3.0564,-3.0564,-3.0564,-3.0564,-3.0564,-3.0564,-3.0564,-3.0564,-3.0564,-3.0564,-3.0564,-3.0564,-3.0564,-3.0564,-3.0564,-3.0564,-3.0564,-3.0564,-3.0564,-3.0564,-3.0564,-2.4451,-1.8338
-1.519,-2.0254,-2.5317,-2.5317,-2.5317,-2.5317,-2.5317,-2.5317,-2.5317,-2.5317,-2.5317,-2.5317,-2.5317,-2.5317,-2.5317,-2.5317,-2.5317,-2.5317,-2.5317,-2.5317,-2.5317,-2.5317,-2.5317,-2.5317,-2.5317,-2.5317,-2.5317,-2.5317,-2.5317,-2.5317,-2.5317,-2.5317,-2.5317,-2.5317,-2.5317,-2.5317,-2.5317,-2.5317,-2.0254,-1.519
-1.2042,-1.6057,-2.0071,-2.0071,-2.0071,-2.0071,-2.0071,-2.0071,-2.0071,-2.0071,-2.0071,-2.0071,-2.0071,-2.0071,-2.0071,-2.0071,-2.0071,-2.0071,-2.0071,-2.0071,-2.0071,-2.0071,-2.0071,-2.0071,-2.0071,-2.0071,-2.0071,-2.0071,-2.0071,-2.0071,-2.0071,-2.0071,-2.0071,-2.0071,-2.0071,-2.0071,-2.0071,-2.0071,-1.6057,-1.2042
-0.88946,-1.1859,-1.4824,-1.4824,-1.4824,-1.4824,-1.4824,-1.4824,-1.4824,-1.4824,-1.4824,-1.4824,-1.4824,-1.4824,-1.4824,-1.4824,-1.4824,-1.4824,-1.4824,-1.4824,-1.4824,-1.4824,-1.4824,-1.4824,-1.4824,-1.4824,-1.4824,-1.4824,-1.4824,-1.4824,-1.4824,-1.4824,-1.4824,-1.4824,-1.4824,-1.4824,-1.4824,-1.4824,-1.1859,-0.88946
-0.57467,-0.76623,-0.95779,-0.95779,-0.95779,-0.95779,-0.95779,-0.95779,-0.95779,-0.95779,-0.95779,-0.95779,-0.95779,-0.95779,-0.95779,-0.95779,-0.95779,-0.95779,-0.95779,-0.95779,-0.95779,-0.95779,-0.95779,-0.95779,-0.95779,-0.95779,-0.95779,-0.95779,-0.95779,-0.95779,-0.95779,-0.95779,-0.95779,-0.95779,-0.95779,-0.95779,-0.95779,-0.95779,-0.76623,-0.57467
-0.25989,-0.34652,-0.43314,-0.43314,-0.43314,-0.43314,-0.43314,-0.43314,-0.43314,-0.43314,-0.43314,-0.43314,-0.43314,-0.43314,-0.43314,-0.43314,-0.43314,-0.43314,-0.43314,-0.43314,-0.43314,-0.43314,-0.43314,-0.43314,-0.43314,-0.43314,-0.43314,-0.43314,-0.43314,-0.43314,-0.43314,-0.43314,-0.43314,-0.43314,-0.43314,-0.43314,-0.43314,-0.43314,-0.34652,-0.25989
0.054901,0.073202,0.091502,0.091502,0.091502,0.091502,0.091502,0.091502,0.091502,0.091502,0.091502,0.091502,0.091502,0.091502,0.091502,0.091502,0.091502,0.091502,0.091502,0.091502,0.091502,0.091502,0.091502,0.091502,0.091502,0.091502,0.091502,0.091502,0.091502,0.091502,0.091502,0.091502,0.091502,0.091502,0.091502,0.091502,0.091502,0.091502,0.073202,0.054901
0.36969,0.49292,0.61615,0.61615,0.61615,0.61615,0.61615,0.61615,0.61615,0.61615,0.61615,0.61615,0.61615,0.61615,0.61615,0.61615,0.61615,0.61615,0.61615,0.61615,0.61615,0.61615,0.61615,0.61615,0.61615,0.61615,0.61615,0.61615,0.61615,0.61615,0.61615,0.61615,0.61615,0.61615,0.61615,0.61615,0.61615,0.61615,0.49292,0.36969
0.68448,0.91264,1.1408,1.1408,1.1408,1.1408,1.1408,1.1408,1.1408,1.1408,1.1408,1.1408,1.1408,1.1408,1.1408,1.1408,1.1408,1.1408,1.1408,1.1408,1.1408,1.1408,1.1408,1.1408,1.1408,1.1408,1.1408,1.1408,1.1408,1.1408,1.1408,1.1408,1.1408,1.1408,1.1408,1.1408,1.1408,1.1408,0.91264,0.68448
0.99926,1.3324,1.6654,1.6654,1.6654,1.6654,1.6654,1.6654,1.6654,1.6654,1.6654,1.6654,1.6654,1.6654,1.6654,1.6654,1.6654,1.6654,1.6654,1.6654,1.6654,1.6654,1.6654,1.6654,1.6654,1.6654,1.6654,1.6654,1.6654,1.6654,1.6654,1.6654,1.6654,1.6654,1.6654,1.6654,1.6654,1.6654,1.3324,0.99926
1.3141,1.7521,2.1901,2.1901,2.1901,2.1901,2.1901,2.1901,2.1901,2.1901,2.1901,2.1901,2.1901,2.1901,2.1901,2.1901,2.1901,2.1901,2.1901,2.1901,2.1901,2.1901,2.1901,2.1901,2.1901,2.1901,2.1901,2.1901,2.1901,2.1901,2.1901,2.1901,2.1901,2.1901,2.1901,2.1901,2.1901,2.1901,1.7521,1.3141
1.6288,2.1718,2.7147,2.7147,2.7147,2.7147,2.7147,2.7147,2.7147,2.7147,2.7147,2.7147,2.7147,2.7147,2.7147,2.7147,2.7147,2.7147,2.7147,2.7147,2.7147,2.7147,2.7147,2.7147,2.7147,2.7147,2.7147,2.7147,2.7147,2.7147,2.7147,2.7147,2.7147,2.7147,2.7147,2.7147,2.7147,2.7147,2.1718,1.6288
1.9436,2.5915,3.2394,3.2394,3.2394,3.2394,3.2394,3.2394,3.2394,3.2394,3.2394,3.2394,3.2394,3.2394,3.2394,3.2394,3.2394,3.2394,3.2394,3.2394,3.2394,3.2394,3.2394,3.2394,3.2394,3.2394,3.2394,3.2394,3.2394,3.2394,3.2394,3.2394,3.2394,3.2394,3.2394,3.2394,3.2394,3.2394,2.5915,1.9436
2.2584,3.0112,3.764,3.764,3.764,3.764,3.764,3.764,3.764,3.764,3.764,3.764,3.764,3.764,3.764,3.764,3.764,3.764,3.764,3.764,3.764,3.764,3.764,3.764,3.764,3.764,3.764,3.764,3.764,3.764,3.764,3.764,3.764,3.764,3.764,3.764,3.764,3.764,3.0112,2.2584
2.5732,3.4309,4.2887,4.2887,4.2887,4.2887,4.2887,4.2887,4.2887,4.2887,4.2887,4.2887,4.2887,4.2887,4.2887,4.2887,4.2887,4.2887,4.2887,4.2887,4.2887,4.2887,4.2887,4.2887,4.2887,4.2887,4.2887,4.2887,4.2887,4.2887,4.2887,4.2887,4.2887,4.2887,4.2887,4.2887,4.2887,4.2887,3.4309,2.5732
2.888,3.8507,4.8133,4.8133,4.8133,4.8133,4.8133,4.8133,4.8133,4.8133,4.8133,4.8133,4.8133,4.8133,4.8133,4.8133,4.8133,4.8133,4.8133,4.8133,4.8133,4.8133,4.8133,4.8133,4.8133,4.8133,4.8133,4.8133,4.8133,4.8133,4.8133,4.8133,4.8133,4.8133,4.8133,4.8133,4.8133,4.8133,3.8507,2.888
3.2028,4.2704,5.338,5.338,5.338,5.338,5.338,5.338,5.338,5.338,5.338,5.338,5.338,5.338,5.338,5.338,5.338,5.338,5.338,5.338,5.338,5.338,5.338,5.338,5.338,5.338,5.338,5.338,5.338,5.338,5.338,5.338,5.338,5.338,5.338,5.338,5.338,5.338,4.2704,3.2028
3.5215,4.6954,5.8692,5.8692,5.8692,5.8692,5.8692,5.8692,5.8692,5.8692,5.8692,5.8692,5.8692,5.8692,5.8692,5.8692,5.8692,5.8692,5.8692,5.8692,5.8692,5.8692,5.8692,5.8692,5.8692,5.8692,5.8692,5.8692,5.8692,5.8692,5.8692,5.8692,5.8692,5.8692,5.8692,5.8692,5.8692,5.8692,4.6954,3.5215
3.831,5.1079,6.3849,6.3849,6.3849,6.3849,6.3849,6.3849,6.3849,6.3849,6.3849,6.3849,6.3849,6.3849,6.3849,6.3849,6.3849,6.3849,6.3849,6.3849,6.3849,6.3849,6.3849,6.3849,6.3849,6.3849,6.3849,6.3849,6.3849,6.3849,6.3849,6.3849,6.3849,6.3849,6.3849,6.3849,6.3849,6.3849,5.1079,3.831
4.1586,5.5448,6.931,6.931,6.931,6.931,6.931,6.931,6.931,6.931,6.931,6.931,6.931,6.931,6.931,6.931,6.931,6.931,6.931,6.931,6.931,6.931,6.931,6.931,6.931,6.931,6.931,6.931,6.931,6.931,6.931,6.931,6.931,6.931,6.931,6.931,6.931,6.931,5.5448,4.1586
4.4545,5.9393,7.4242,7.4242,7.4242,7.4242,7.4242,7.4242,7.4242,7.4242,7.4242,7.4242,7.4242,7.4242,7.4242,7.4242,7.4242,7.4242,7.4242,7.4242,7.4242,7.4242,7.4242,7.4242,7.4242,7.4242,7.4242,7.4242,7.4242,7.4242,7.4242,7.4242,7.4242,7.4242,7.4242,7.4242,7.4242,7.4242,5.9393,4.4545
4.8023,6.4031,8.0039,8.0039,8.0039,8.0039,8.0039,8.0039,8.0039,8.0039,8.0039,8.0039,8.0039,8.0039,8.0039,8.0039,8.0039,8.0039,8.0039,8.0039,8.0039,8.0039,8.0039,8.0039,8.0039,8.0039,8.0039,8.0039,8.0039,8.0039,8.0039,8.0039,8.0039,8.0039,8.0039,8.0039,8.0039,8.0039,6.4031,4.8023
5.0645,6.7526,8.4408,8.4408,8.4408,8.4408,8.4408,8.4408,8.4408,8.4408,8.4408,8.4408,8.4408,8.4408,8.4408,8.4408,8.4408,8.4408,8.4408,8.4408,8.4408,8.4408,8.4408,8.4408,8.4408,8.4408,8.4408,8.4408,8.4408,8.4408,8.4408,8.4408,8.4408,8.4408,8.4408,8.4408,8.4408,8.4408,6.7526,5.0645
5.4636,7.2847,9.1059,9.1059,9.1059,9.1059,9.1059,9.1059,9.1059,9.1059,9.1059,9.1059,9.1059,9.1059,9.1059,9.1059,9.1059,9.1059,9.1059,9.1059,9.1059,9.1059,9.1059,9.1059,9.1059,9.1059,9.1059,9.1059,9.1059,9.1059,9.1059,9.1059,9.1059,9.1059,9.1059,9.1059,9.1059,9.1059,7.2847,5.4636
5.6383,7.5177,9.3972,9.3972,9.3972,9.3972,9.3972,9.3972,9.3972,9.3972,9.3972,9.3972,9.3972,9.3972,9.3972,9.3972,9.3972,9.3972,9.3972,9.3972,9.3972,9.3972,9.3972,9.3972,9.3972,9.3972,9.3972,9.3972,9.3972,9.3972,9.3972,9.3972,9.3972,9.3972,9.3972,9.3972,9.3972,9.3972,7.5177,5.6383
6.2266,8.3022,10.378,10.378,10.378,10.378,10.378,10.378,10.378,10.378,10.378,10.378,10.378,10.378,10.378,10.378,10.378,10.378,10.378,10.378,10.378,10.378,10.378,10.378,10.378,10.378,10.378,10.378,10.378,10.378,10.378,10.378,10.378,10.378,10.378,10.378,10.378,10.378,8.3022,6.2266
5.1124,6.8165,8.5206,8.5206,8.5206,8.5206,8.5206,8.5206,8.5206,8.5206,8.5206,8.5206,8.5206,8.5206,8.5206,8.5206,8.5206,8.5206,8.5206,8.5206,8.5206,8.5206,8.5206,8.5206,8.5206,8.5206,8.5206,8.5206,8.5206,8.5206,8.5206,8.5206,8.5206,8.5206,8.5206,8.5206,8.5206,8.5206,6.8165,5.1124
4.0168,5.3557,6.6947,6.6947,6.6947,6.6947,6.6947,6.6947,6.6947,6.6947,6.6947,6.6947,6.6947,6.6947,6.6947,6.6947,6.6947,6.6947,6.6947,6.6947,6.6947,6.6947,6.6947,6.6947,6.6947,6.6947,6.6947,6.6947,6.6947,6.6947,6.6947,6.6947,6.6947,6.6947,6.6947,6.6947,6.6947,6.6947,5.3557,4.0168
