5.0	0.0
25.0	0.181110411882
46.0	0.431038737297
67.0	0.694250285625
88.0	0.945861637592
109.0	1.18720412254
130.0	1.39875924587
151.0	1.62387049198
172.0	1.84230232239
193.0	2.03567647934
214.0	2.24365735054
235.0	2.4532263279
256.0	2.70260715485
277.0	3.00245666504
298.0	3.45056438446
319.0	4.0626502037
340.0	4.8771147728
361.0	5.82563209534
382.0	7.11871242523
403.0	8.6966381073
424.0	10.5889463425
445.0	12.6014614105
466.0	15.1484041214
487.0	18.0557785034
508.0	21.3323326111
529.0	24.6338596344
550.0	28.6214160919
571.0	32.9813194275
592.0	37.2665634155
613.0	42.3312721252
634.0	47.758518219
655.0	53.545425415
676.0	59.1112480164
697.0	65.5559844971
718.0	72.3279190063
739.0	79.4167938232
760.0	86.1254653931
781.0	93.7833938599
802.0	101.717727661
823.0	109.916419983
844.0	117.586257935
865.0	126.247817993
886.0	135.132202148
907.0	144.22479248
927.0	152.658370972
948.0	161.241928101
969.0	170.844940186
990.0	180.60307312
1011.0	190.503234863
1032.0	199.615020752
1053.0	209.748916626
1074.0	219.98500061
1095.0	230.305664062
1115.0	239.750656128
1135.0	249.246398926
1156.0	259.740570068
1177.0	270.275054932
1198.0	279.876037598
1219.0	290.455200195
1240.0	301.04309082
1261.0	311.631286621
1282.0	321.252258301
1303.0	331.821807861
1324.0	342.370788574
1345.0	351.931762695
1366.0	362.407012939
1387.0	372.83026123
1408.0	383.191741943
1429.0	392.552642822
1450.0	402.779174805
1471.0	412.925689697
1492.0	422.987487793
1513.0	432.057769775
1534.0	441.946472168
1555.0	451.739440918
1576.0	461.430541992
1597.0	470.149169922
1618.0	479.636230469
1639.0	489.011474609
1660.0	498.273529053
1681.0	506.591430664
1702.0	515.623352051
1723.0	524.529907227
1743.0	532.516540527
1763.0	540.3984375
1783.0	548.176147461
1803.0	556.608764648
1823.0	564.162414551
1843.0	571.60748291
1864.0	579.670776367
1885.0	587.60168457
1905.0	594.695739746
1926.0	602.374755859
1947.0	609.239257812
1968.0	616.66229248
1989.0	623.953857422
2009.0	630.467529297
2030.0	637.505615234
2051.0	643.787719727
2072.0	650.571166992
2093.0	657.225402832
2113.0	663.163208008
2134.0	669.571899414
2155.0	675.850952148
2176.0	681.444824219
2197.0	687.471679688
2218.0	693.367614746
2239.0	699.136535645
2260.0	704.275024414
2281.0	709.811828613
2302.0	715.234191895
2323.0	720.545532227
2344.0	725.276855469
2365.0	730.374328613
2385.0	734.912109375
2406.0	739.799377441
2427.0	744.57635498
2448.0	748.821777344
2469.0	753.386108398
2490.0	757.840454102
2511.0	762.186645508
2532.0	766.047119141
2553.0	770.195861816
2574.0	774.244140625
2595.0	778.193115234
2616.0	781.698425293
2637.0	785.461425781
2658.0	789.128479004
2679.0	792.703125
2700.0	795.872741699
2721.0	799.273071289
2742.0	802.586547852
2763.0	805.813415527
2784.0	808.672241211
2805.0	811.737243652
2826.0	814.720581055
2847.0	817.366027832
2868.0	820.204650879
2889.0	822.970397949
2910.0	825.667907715
2931.0	828.063110352
2952.0	830.636962891
2973.0	833.147033691
2994.0	835.592041016
3015.0	837.758239746
3037.0	840.286437988
3057.0	842.336975098
3078.0	844.535705566
3099.0	846.483215332
3120.0	848.57043457
3141.0	850.600158691
3161.0	852.395507812
3182.0	854.316772461
3203.0	856.015136719
3224.0	857.831237793
3245.0	859.591796875
3265.0	861.143981934
3286.0	862.800048828
3307.0	864.403381348
3328.0	865.817871094
3349.0	867.328369141
3369.0	868.660888672
3390.0	870.086120605
3411.0	871.471557617
3432.0	872.820068359
3453.0	874.016418457
3474.0	875.298217773
3495.0	876.543029785
3516.0	877.752075195
3537.0	878.823913574
3558.0	879.974731445
3579.0	881.091674805
3600.0	882.077514648
3621.0	883.13293457
3642.0	884.159606934
3663.0	885.159790039
3684.0	886.047607422
3705.0	887.003051758
3726.0	887.938354492
3747.0	888.853271484
3768.0	889.668823242
3789.0	890.547180176
3810.0	891.404418945
3831.0	892.240234375
3852.0	892.984130859
3873.0	893.786132812
3894.0	894.570495605
3915.0	895.333190918
3936.0	896.007446289
3957.0	896.729553223
3978.0	897.433288574
3998.0	898.057250977
4019.0	898.726623535
4040.0	899.319702148
4061.0	899.952941895
4082.0	900.563903809
4103.0	901.154785156
4124.0	901.675170898
4146.0	902.278869629
4167.0	902.763549805
4188.0	903.27734375
4209.0	903.773254395
4230.0	904.252380371
4251.0	904.675415039
4272.0	905.128540039
4293.0	905.570129395
4314.0	906.000915527
4335.0	906.381408691
4356.0	906.787414551
4377.0	907.18170166
4398.0	907.530456543
4419.0	907.90246582
4440.0	908.262268066
4461.0	908.614257812
4482.0	908.929931641
4503.0	909.274353027
4524.0	909.617248535
4545.0	909.955810547
4566.0	910.257080078
4587.0	910.579040527
4608.0	910.888671875
4629.0	911.185668945
4650.0	911.444213867
4671.0	911.71661377
4692.0	911.978271484
4713.0	912.228271484
4734.0	912.445495605
4755.0	912.675598145
4776.0	912.89654541
4797.0	913.107971191
4818.0	913.292114258
4839.0	913.486572266
4860.0	913.672241211
4881.0	913.833190918
4902.0	914.005065918
4923.0	914.176147461
4944.0	914.344665527
4965.0	914.494506836
4986.0	914.656738281
5007.0	914.817382812
5028.0	914.975341797
5049.0	915.116027832
5070.0	915.269042969
5091.0	915.420776367
5112.0	915.572814941
5133.0	915.713989258
5154.0	915.873901367
5175.0	916.037658691
5196.0	916.202758789
5217.0	916.351745605
5238.0	916.513305664
5259.0	916.670898438
5280.0	916.812133789
5301.0	916.967224121
5321.0	917.10760498
5342.0	917.258666992
5363.0	917.40826416
5384.0	917.55682373
5405.0	917.690612793
5426.0	917.836486816
5447.0	917.977783203
5468.0	918.112609863
5489.0	918.229309082
5510.0	918.352844238
5531.0	918.469543457
5552.0	918.578979492
5573.0	918.671386719
5594.0	918.76385498
5615.0	918.846740723
5636.0	918.913879395
5657.0	918.97857666
5678.0	919.036499023
5699.0	919.088195801
5720.0	919.128356934
5741.0	919.166564941
5762.0	919.198913574
5783.0	919.226379395
5804.0	919.246643066
5824.0	919.264465332
5845.0	919.274902344
5866.0	919.282531738
5887.0	919.29095459
5908.0	919.300476074
5929.0	919.309020996
5950.0	919.316772461
5971.0	919.32244873
5992.0	919.326904297
6013.0	919.328735352
6034.0	919.32611084
6054.0	919.31842041
6075.0	919.303466797
6096.0	919.283569336
6117.0	919.261230469
6138.0	919.229675293
6159.0	919.190124512
6180.0	919.142578125
6201.0	919.093383789
6222.0	919.032958984
6243.0	918.966796875
6264.0	918.896240234
6285.0	918.82824707
6306.0	918.748046875
6327.0	918.662536621
6348.0	918.571594238
6369.0	918.48449707
6390.0	918.383483887
6411.0	918.279296875
6432.0	918.182250977
6453.0	918.075134277
6474.0	917.970214844
6494.0	917.868225098
6516.0	917.776611328
6537.0	917.673828125
6558.0	917.567810059
6579.0	917.457580566
6600.0	917.353149414
6621.0	917.232299805
6642.0	917.104736328
6663.0	916.97064209
6684.0	916.845214844
6705.0	916.70324707
6726.0	916.559570312
6746.0	916.429382324
6767.0	916.287475586
6788.0	916.148498535
6809.0	916.025817871
6830.0	915.894775391
6851.0	915.766845703
6872.0	915.651855469
6893.0	915.525634766
6914.0	915.400634766
6935.0	915.280029297
