4.0	0.0
20.0	0.0
36.0	0.0900045335293
52.0	0.180009067059
68.0	0.358905375004
84.0	0.53632414341
100.0	0.62448322773
115.0	0.799708485603
131.0	0.973486483097
147.0	1.05983650684
163.0	1.23146605492
179.0	1.31674849987
195.0	1.48625612259
211.0	1.6543636322
227.0	1.73789608479
243.0	1.90392529964
259.0	2.06858325005
275.0	2.15040159225
291.0	2.31302380562
307.0	2.47430276871
323.0	2.55444216728
339.0	2.71372747421
355.0	2.7928788662
371.0	2.95021605492
387.0	3.10628628731
403.0	3.18384981155
419.0	3.33804321289
435.0	3.49100732803
451.0	3.56703257561
467.0	3.71817874908
483.0	3.86813735962
499.0	3.9426779747
515.0	4.09089279175
531.0	4.1645731926
547.0	4.31109189987
563.0	4.4565038681
579.0	4.52880334854
595.0	4.67260360718
611.0	4.81535673141
627.0	4.88634300232
643.0	5.02754116058
659.0	5.09775876999
675.0	5.23744106293
691.0	5.37613153458
707.0	5.44510793686
723.0	5.58234882355
739.0	5.71877288818
755.0	5.7867474556
771.0	5.92229032516
787.0	6.05738925934
803.0	6.12485218048
819.0	6.25973892212
835.0	6.32721614838
851.0	6.46238803864
867.0	6.59800434113
883.0	6.66600942612
899.0	6.80250024796
915.0	6.93974924088
931.0	7.008705616
947.0	7.1474404335
963.0	7.28750228882
979.0	7.3581237793
995.0	7.50071954727
1011.0	7.57274913788
1026.0	7.71842622757
1042.0	7.86643600464
1058.0	7.94138383865
1074.0	8.09326553345
1090.0	8.24796867371
1106.0	8.32644081116
1122.0	8.48576259613
1138.0	8.56666469574
1154.0	8.7310218811
1169.0	8.89892673492
1185.0	8.98426055908
1201.0	9.15781593323
1217.0	9.33537578583
1233.0	9.42572689056
1249.0	9.60969543457
1265.0	9.70334911346
1281.0	9.89406108856
1297.0	10.0894517899
1313.0	10.1889629364
1329.0	10.3917608261
1344.0	10.5997419357
1360.0	10.7057218552
1376.0	10.9217395782
1392.0	11.0318088531
1408.0	11.2561597824
1424.0	11.4862174988
1440.0	11.6034069061
1456.0	11.8421840668
1472.0	12.086889267
1488.0	12.2114906311
1504.0	12.4652385712
1520.0	12.7250938416
1536.0	12.8573474884
1552.0	13.1265878677
1567.0	13.2636127472
1583.0	13.5424947739
1599.0	13.8278694153
1615.0	13.9730195999
1631.0	14.2682914734
1647.0	14.5702705383
1663.0	14.7238140106
1679.0	15.0361022949
1695.0	15.1948642731
1711.0	15.5176496506
1727.0	15.847530365
1743.0	16.0151576996
1759.0	16.3558521271
1774.0	16.7038459778
1790.0	16.8806018829
1806.0	17.2396678925
1822.0	17.4219894409
1838.0	17.7922592163
1854.0	18.1701183319
1870.0	18.3619213104
1886.0	18.7513141632
1902.0	19.1484947205
1918.0	19.3500232697
1934.0	19.7590084076
1950.0	19.9664802551
1965.0	20.3874340057
1981.0	20.8164634705
1997.0	21.0340213776
2013.0	21.4752540588
2029.0	21.9246921539
2045.0	22.1525039673
2061.0	22.6143474579
2077.0	23.0845012665
2093.0	23.3227100372
2109.0	23.8054256439
2125.0	24.0499382019
2141.0	24.5453071594
2157.0	25.0491828918
2173.0	25.3043251038
2188.0	25.821056366
2204.0	26.3464069366
2220.0	26.6123256683
2236.0	27.1506748199
2252.0	27.4231090546
2268.0	27.9745121002
2284.0	28.5346164703
2300.0	28.8179264069
2315.0	29.3910636902
2331.0	29.9728908539
2347.0	30.2670593262
2363.0	30.8619174957
2379.0	31.1626110077
2395.0	31.7705345154
2411.0	32.3871841431
2427.0	32.6987800598
2442.0	33.3285446167
2458.0	33.9670753479
2474.0	34.2896194458
2490.0	34.9412384033
2506.0	35.2703132629
2522.0	35.9349937439
2538.0	36.6083946228
2554.0	36.9483604431
2570.0	37.6348228455
2586.0	38.3300132751
2602.0	38.6808815002
2618.0	39.3891677856
2634.0	39.7465744019
2650.0	40.4679145813
2666.0	41.197971344
2682.0	41.5662689209
2698.0	42.3094100952
2714.0	43.0612869263
2730.0	43.4404945374
2746.0	44.2054481506
2762.0	44.9791145325
2778.0	45.3692054749
2794.0	46.1558952332
2810.0	46.5524902344
2826.0	47.352180481
2842.0	48.1605300903
2858.0	48.5679473877
2874.0	49.3892593384
2889.0	50.2191810608
2905.0	50.6373634338
2921.0	51.4801635742
2937.0	51.9047813416
2953.0	52.760433197
2969.0	53.6245994568
2985.0	54.0598526001
3001.0	54.9366912842
3017.0	55.8219528198
3033.0	56.2677345276
3049.0	57.1655883789
3065.0	58.071762085
3080.0	58.5279655457
3096.0	59.4466056824
3113.0	59.9090385437
3129.0	60.84009552
3145.0	61.7794036865
3161.0	62.2521438599
3177.0	63.2037658691
3193.0	64.1635131836
3209.0	64.6464157104
3225.0	65.6182250977
3241.0	66.5979614258
3257.0	67.0907821655
3273.0	68.0823059082
3289.0	68.5809936523
3305.0	69.584197998
3321.0	70.5951461792
3337.0	71.1035079956
3353.0	72.1259994507
3369.0	73.1561508179
3385.0	73.674079895
3401.0	74.7156066895
3417.0	75.7646331787
3433.0	76.2919387817
3449.0	77.352104187
3465.0	77.8849487305
3481.0	78.9561233521
3496.0	80.034576416
3512.0	80.5765075684
3528.0	81.6657867432
3544.0	82.7622528076
3560.0	83.3131561279
3576.0	84.4202804565
3592.0	84.9764785767
3608.0	86.0941085815
3624.0	87.2187042236
3640.0	87.7835922241
3656.0	88.9185333252
3672.0	90.0603179932
3688.0	90.6337661743
3704.0	91.7857131958
3720.0	92.9443511963
3736.0	93.5261688232
3752.0	94.6948013306
3768.0	95.2816009521
3784.0	96.4601516724
3800.0	97.6452713013
3816.0	98.2402801514
3832.0	99.4351501465
3848.0	100.636459351
3864.0	101.239509583
3879.0	102.450378418
3895.0	103.058174133
3911.0	104.278442383
3927.0	105.504882812
3943.0	106.120399475
3959.0	107.355979919
3975.0	108.597564697
3991.0	109.220588684
4007.0	110.471046448
4022.0	111.098464966
4038.0	112.357627869
4054.0	113.622489929
4070.0	114.257041931
4086.0	115.530342102
4102.0	116.809165955
4118.0	117.450645447
4134.0	118.737693787
4150.0	119.383247375
4165.0	120.678382874
4181.0	121.978843689
4197.0	122.631057739
4213.0	123.939445496
4229.0	125.253059387
4245.0	125.911804199
4261.0	127.233139038
4277.0	127.895713806
4293.0	129.224655151
4308.0	130.558609009
4324.0	131.22744751
4340.0	132.568817139
4356.0	133.915039062
4372.0	134.589950562
4388.0	135.943313599
4404.0	136.621765137
4420.0	137.982131958
4436.0	139.34703064
4452.0	140.031158447
4467.0	141.40272522
4483.0	142.778625488
4499.0	143.468185425
4515.0	144.850463867
4531.0	145.543167114
4547.0	146.93170166
4563.0	148.324325562
4579.0	149.022155762
4595.0	150.42086792
4611.0	151.823577881
4627.0	152.526428223
4642.0	153.93510437
4658.0	154.640914917
4674.0	156.055450439
4690.0	157.473831177
4706.0	158.184448242
4722.0	159.608505249
4738.0	161.036270142
4754.0	161.751541138
4770.0	163.184799194
4786.0	164.621704102
4801.0	165.341506958
4817.0	166.783752441
4833.0	167.50617981
4849.0	168.953582764
4865.0	170.404327393
4881.0	171.130935669
4897.0	172.58656311
4913.0	174.045303345
4929.0	174.775817871
4944.0	176.239151001
4960.0	176.971939087
4976.0	178.439712524
4992.0	179.910369873
5008.0	180.646759033
5024.0	182.121627808
5040.0	183.599182129
5056.0	184.338943481
5072.0	185.820419312
5088.0	186.562103271
5104.0	188.047348022
5119.0	189.535003662
5135.0	190.279693604
5151.0	191.770797729
5167.0	193.26411438
5183.0	194.01159668
5199.0	195.508148193
5215.0	196.257202148
5231.0	197.756866455
5247.0	199.258560181
5263.0	200.010162354
5279.0	201.514831543
5294.0	203.021392822
5310.0	203.775360107
5326.0	205.284698486
5342.0	206.040039062
5358.0	207.552062988
5374.0	209.06578064
5390.0	209.823257446
5406.0	211.339401245
5422.0	212.857086182
5438.0	213.616500854
5454.0	215.136444092
5470.0	215.896972656
5486.0	217.419052124
5502.0	218.942489624
5518.0	219.704696655
5533.0	221.230072021
